5 0.78271484375 0.29737609329446063 0.06884765625 0.15816326530612246
2 0.79052734375 0.3688046647230321 0.0751953125 0.18221574344023322
1 0.8115234375 0.4912536443148688 0.06005859375 0.1326530612244898
1 0.75537109375 0.21137026239067055 0.0517578125 0.12317784256559766
3 0.744140625 0.1348396501457726 0.05615234375 0.11370262390670553
3 0.82666015625 0.6071428571428571 0.0732421875 0.11807580174927114
6 0.841796875 0.7332361516034985 0.0712890625 0.12682215743440234
6 0.74169921875 0.06486880466472303 0.048828125 0.10204081632653061
4 0.66015625 0.0663265306122449 0.03955078125 0.09329446064139942
4 0.666015625 0.14504373177842567 0.03857421875 0.09110787172011661
4 0.677734375 0.22667638483965014 0.04150390625 0.09402332361516035
4 0.685546875 0.30612244897959184 0.04052734375 0.09475218658892129
4 0.6982421875 0.4008746355685131 0.046875 0.09548104956268222
4 0.70947265625 0.5080174927113703 0.0517578125 0.10131195335276968
4 0.724609375 0.6158892128279884 0.0478515625 0.10714285714285714
4 0.73974609375 0.7368804664723032 0.0517578125 0.10568513119533528
11 0.1884765625 0.27769679300291544 0.05859375 0.1661807580174927
8 0.17578125 0.3629737609329446 0.06591796875 0.1902332361516035
7 0.19482421875 0.2018950437317784 0.04736328125 0.1326530612244898
7 0.162109375 0.48760932944606417 0.05419921875 0.1282798833819242
9 0.2099609375 0.12536443148688048 0.05078125 0.1239067055393586
9 0.1689453125 0.6013119533527697 0.06103515625 0.1377551020408163
12 0.1416015625 0.7463556851311953 0.06689453125 0.1326530612244898
12 0.2109375 0.05174927113702624 0.0458984375 0.10349854227405247
10 0.28515625 0.1392128279883382 0.04248046875 0.09475218658892129
10 0.287109375 0.05830903790087463 0.0390625 0.09475218658892129
10 0.283203125 0.22230320699708456 0.04052734375 0.09475218658892129
10 0.27734375 0.30903790087463556 0.04296875 0.09985422740524781
10 0.27734375 0.40816326530612246 0.044921875 0.09693877551020408
10 0.2666015625 0.5123906705539358 0.04541015625 0.09475218658892129
10 0.26513671875 0.6129737609329446 0.048828125 0.10131195335276968
10 0.251953125 0.7354227405247813 0.060546875 0.10860058309037901