10 0.2763671875 0.16690962099125364 0.05810546875 0.10860058309037901
7 0.44384765625 0.43002915451895046 0.0595703125 0.1392128279883382
8 0.166015625 0.3053935860058309 0.076171875 0.20481049562682216
11 0.34716796875 0.15014577259475217 0.06298828125 0.17784256559766765
12 0.43603515625 0.3403790087463557 0.06005859375 0.12755102040816327
9 0.451171875 0.6479591836734694 0.06689453125 0.1552478134110787
10 0.2587890625 0.3360058309037901 0.05615234375 0.11807580174927114
10 0.35400390625 0.5597667638483965 0.05908203125 0.1217201166180758
6 0.27099609375 0.06924198250728864 0.0576171875 0.1260932944606414
3 0.24462890625 0.6450437317784257 0.068359375 0.15743440233236153
2 0.7705078125 0.30029154518950435 0.0888671875 0.2055393586005831
4 0.5419921875 0.6639941690962099 0.056640625 0.119533527696793
4 0.58984375 0.35058309037900875 0.048828125 0.11370262390670553
4 0.60693359375 0.5393586005830904 0.05615234375 0.12463556851311954