7 0.44091796875 0.43075801749271136 0.0615234375 0.14650145772594753
12 0.43603515625 0.33746355685131196 0.0654296875 0.1348396501457726
11 0.34765625 0.1457725947521866 0.0673828125 0.1793002915451895
9 0.455078125 0.6472303206997084 0.0751953125 0.14650145772594753
10 0.3564453125 0.5604956268221575 0.0546875 0.12755102040816327
10 0.27685546875 0.16982507288629736 0.048828125 0.10568513119533528
10 0.25830078125 0.3360058309037901 0.060546875 0.11370262390670553
8 0.16357421875 0.3032069970845481 0.080078125 0.21064139941690962
6 0.27294921875 0.06924198250728864 0.05712890625 0.12900874635568513
3 0.236328125 0.6399416909620991 0.08251953125 0.16253644314868804
2 0.77001953125 0.29956268221574345 0.08447265625 0.19970845481049562
4 0.5888671875 0.3454810495626822 0.05322265625 0.11151603498542274
4 0.4287109375 0.5371720116618076 0.05517578125 0.11588921282798834
4 0.54150390625 0.6654518950437318 0.05810546875 0.11370262390670553