2 0.6923828125 0.3104956268221574 0.0859375 0.20626822157434402
11 0.73779296875 0.13848396501457727 0.07958984375 0.17201166180758018
7 0.44287109375 0.4336734693877551 0.06103515625 0.14941690962099125
12 0.4365234375 0.3389212827988338 0.06982421875 0.13629737609329445
6 0.27197265625 0.06924198250728864 0.05615234375 0.12900874635568513
8 0.166015625 0.30466472303207 0.083984375 0.21209912536443148
10 0.27587890625 0.16326530612244897 0.05859375 0.11224489795918367
10 0.35595703125 0.5590379008746356 0.060546875 0.11370262390670553
10 0.25830078125 0.33527696793002915 0.0546875 0.11880466472303207
4 0.3466796875 0.4395043731778426 0.05615234375 0.1129737609329446
4 0.5908203125 0.3432944606413994 0.05615234375 0.11370262390670553
4 0.54345703125 0.6647230320699709 0.0537109375 0.11807580174927114