2 0.76904296875 0.3010204081632653 0.08447265625 0.2018950437317784
12 0.43359375 0.336734693877551 0.06396484375 0.13702623906705538
9 0.3525390625 0.4249271137026239 0.06494140625 0.14723032069970846
7 0.44140625 0.43075801749271136 0.05859375 0.1552478134110787
11 0.34716796875 0.14504373177842567 0.0673828125 0.17711370262390672
8 0.1669921875 0.3032069970845481 0.07958984375 0.21428571428571427
10 0.2744140625 0.16690962099125364 0.0576171875 0.10495626822157435
10 0.2587890625 0.33819241982507287 0.0546875 0.11370262390670553
10 0.3544921875 0.5604956268221575 0.056640625 0.119533527696793
6 0.271484375 0.0706997084548105 0.0625 0.13192419825072887
4 0.5908203125 0.3454810495626822 0.052734375 0.11807580174927114
4 0.42919921875 0.5408163265306123 0.05810546875 0.10932944606413994
4 0.54296875 0.6647230320699709 0.06005859375 0.11880466472303207