5 0.7822265625 0.29591836734693877 0.06689453125 0.15379008746355685
2 0.78759765625 0.3688046647230321 0.0693359375 0.1858600583090379
1 0.70947265625 0.6151603498542274 0.0537109375 0.1377551020408163
1 0.75146484375 0.2099125364431487 0.0498046875 0.13411078717201166
12 0.837890625 0.7317784256559767 0.072265625 0.1377551020408163
12 0.740234375 0.06778425655976676 0.04833984375 0.11588921282798834
3 0.4404296875 0.3943148688046647 0.05615234375 0.12973760932944606
3 0.5908203125 0.130466472303207 0.04638671875 0.130466472303207
4 0.6650390625 0.14650145772594753 0.0390625 0.08309037900874636
4 0.65771484375 0.0597667638483965 0.0419921875 0.09548104956268222
4 0.70849609375 0.5080174927113703 0.046875 0.09766763848396501
4 0.69677734375 0.40233236151603496 0.04638671875 0.10058309037900874
4 0.673828125 0.22521865889212828 0.0419921875 0.10058309037900874
4 0.51611328125 0.30029154518950435 0.0390625 0.10349854227405247
4 0.615234375 0.6158892128279884 0.04931640625 0.10714285714285714
4 0.64404296875 0.739067055393586 0.05224609375 0.11370262390670553
12 0.2060546875 0.053206997084548104 0.05322265625 0.10641399416909621
12 0.2529296875 0.7412536443148688 0.06591796875 0.1326530612244898
8 0.17138671875 0.3629737609329446 0.0732421875 0.19533527696793002
11 0.18505859375 0.27696793002915454 0.072265625 0.1661807580174927
7 0.1591796875 0.48833819241982507 0.0615234375 0.13848396501457727
7 0.361572265625 0.054300291545189505 0.05029296875 0.10860058309037901
9 0.36376953125 0.1967930029154519 0.0546875 0.1326530612244898
9 0.16748046875 0.6005830903790087 0.0703125 0.13848396501457727
10 0.44873046875 0.7346938775510204 0.05322265625 0.10714285714285714
10 0.2646484375 0.5094752186588921 0.04638671875 0.09766763848396501
10 0.2626953125 0.6137026239067055 0.056640625 0.10495626822157435
10 0.275390625 0.4096209912536443 0.04638671875 0.10276967930029154
10 0.4365234375 0.3010204081632653 0.04345703125 0.09620991253644315
10 0.4287109375 0.141399416909621 0.04345703125 0.09402332361516035
10 0.28125 0.22084548104956267 0.04345703125 0.10131195335276968
10 0.28466796875 0.0597667638483965 0.04443359375 0.10131195335276968