8 0.16064453125 0.4045189504373178 0.0751953125 0.20408163265306123
12 0.1962890625 0.08965014577259475 0.05810546875 0.1260932944606414
7 0.18603515625 0.14941690962099125 0.05908203125 0.14795918367346939
7 0.1435546875 0.6654518950437318 0.07421875 0.14285714285714285
9 0.1630859375 0.5451895043731778 0.0615234375 0.1392128279883382
9 0.34912109375 0.3272594752186589 0.0537109375 0.1326530612244898
11 0.34326171875 0.14795918367346939 0.06396484375 0.17565597667638483
10 0.41357421875 0.08527696793002916 0.048828125 0.10860058309037901
10 0.41552734375 0.24635568513119532 0.0498046875 0.10568513119533528
10 0.27294921875 0.16545189504373178 0.04833984375 0.10787172011661808
10 0.26025390625 0.33819241982507287 0.05078125 0.10714285714285714
10 0.2607421875 0.4395043731778426 0.05712890625 0.10932944606413994
10 0.24609375 0.6654518950437318 0.06298828125 0.11443148688046648
5 0.51904296875 0.4198250728862974 0.0625 0.1858600583090379
1 0.3583984375 0.543002915451895 0.06103515625 0.14723032069970846
3 0.59375 0.33527696793002915 0.06005859375 0.14358600583090378
3 0.63623046875 0.652332361516035 0.0654296875 0.16399416909620992
2 0.771484375 0.2944606413994169 0.07861328125 0.1967930029154519
1 0.6494140625 0.08527696793002916 0.05419921875 0.1377551020408163
6 0.7314453125 0.08527696793002916 0.05517578125 0.1260932944606414
6 0.80517578125 0.5393586005830904 0.06884765625 0.14358600583090378
4 0.7412109375 0.7835276967930029 0.06005859375 0.1129737609329446
4 0.68310546875 0.34475218658892126 0.0498046875 0.10568513119533528
4 0.576171875 0.17565597667638483 0.048828125 0.11151603498542274
4 0.51318359375 0.26166180758017493 0.046875 0.10714285714285714
4 0.6064453125 0.5349854227405247 0.0517578125 0.11370262390670553
4 0.54052734375 0.6669096209912536 0.05224609375 0.11880466472303207