6 0.85009765625 0.782798833819242 0.07177734375 0.13192419825072887
6 0.73291015625 0.08163265306122448 0.05322265625 0.10787172011661808
5 0.70556640625 0.413265306122449 0.0634765625 0.16909620991253643
2 0.77197265625 0.2988338192419825 0.078125 0.1924198250728863
3 0.81640625 0.543002915451895 0.06982421875 0.13119533527696792
3 0.60693359375 0.34110787172011664 0.05908203125 0.1326530612244898
1 0.74169921875 0.15670553935860057 0.0546875 0.13411078717201166
1 0.52001953125 0.33090379008746357 0.046875 0.13556851311953352
4 0.7431640625 0.7857142857142857 0.05810546875 0.1129737609329446
4 0.6826171875 0.3432944606413994 0.04443359375 0.10276967930029154
4 0.57568359375 0.17638483965014579 0.0439453125 0.10787172011661808
4 0.50732421875 0.08819241982507289 0.0419921875 0.10058309037900874
4 0.5126953125 0.2631195335276968 0.0419921875 0.10276967930029154
4 0.5322265625 0.446064139941691 0.04541015625 0.10422740524781342
4 0.599609375 0.5451895043731778 0.04638671875 0.11078717201166181
4 0.54345703125 0.6676384839650146 0.05078125 0.119533527696793
8 0.16455078125 0.4045189504373178 0.07373046875 0.19314868804664723
9 0.3525390625 0.33090379008746357 0.05712890625 0.1348396501457726
9 0.16064453125 0.5459183673469388 0.06787109375 0.13192419825072887
12 0.34765625 0.7776967930029155 0.0654296875 0.1392128279883382
12 0.19873046875 0.09037900874635568 0.0498046875 0.119533527696793
7 0.18603515625 0.15160349854227406 0.05419921875 0.14212827988338192
7 0.14453125 0.6654518950437318 0.06103515625 0.13994169096209913
11 0.275390625 0.22084548104956267 0.06689453125 0.16399416909620992
10 0.27392578125 0.16763848396501457 0.04052734375 0.10422740524781342
10 0.26171875 0.336734693877551 0.04345703125 0.10131195335276968
10 0.4140625 0.08527696793002916 0.04296875 0.10349854227405247
10 0.41650390625 0.2456268221574344 0.04638671875 0.10641399416909621
10 0.26025390625 0.4380466472303207 0.04931640625 0.10276967930029154
10 0.24755859375 0.6683673469387755 0.052734375 0.10787172011661808
10 0.4482421875 0.7879008746355685 0.05419921875 0.1151603498542274
10 0.4296875 0.5597667638483965 0.04931640625 0.11005830903790087