2 0.76806640625 0.29664723032069973 0.083984375 0.21501457725947523
6 0.56884765625 0.08600583090379009 0.0576171875 0.1326530612244898
1 0.50927734375 0.23177842565597667 0.06787109375 0.1552478134110787
4 0.681640625 0.34183673469387754 0.05419921875 0.1151603498542274
4 0.607421875 0.5400874635568513 0.05859375 0.12099125364431487
4 0.5439453125 0.6618075801749271 0.05908203125 0.12755102040816327
4 0.41845703125 0.18075801749271136 0.0576171875 0.11880466472303207
3 0.34912109375 0.43731778425655976 0.0712890625 0.152332361516035
3 0.2421875 0.6377551020408163 0.07470703125 0.16107871720116618
9 0.23291015625 0.7835276967930029 0.076171875 0.15306122448979592
12 0.1962890625 0.08965014577259475 0.064453125 0.12900874635568513
11 0.345703125 0.14723032069970846 0.06494140625 0.17784256559766765
8 0.1640625 0.303935860058309 0.0849609375 0.2018950437317784
7 0.4384765625 0.4263848396501458 0.06201171875 0.15743440233236153
10 0.34912109375 0.32653061224489793 0.0517578125 0.1129737609329446
10 0.2744140625 0.1661807580174927 0.05615234375 0.10932944606413994
10 0.2607421875 0.3360058309037901 0.05908203125 0.119533527696793
10 0.3525390625 0.5612244897959183 0.06787109375 0.12463556851311954