3 0.58984375 0.1326530612244898 0.0537109375 0.12682215743440234
3 0.44091796875 0.39067055393586003 0.05419921875 0.13994169096209913
1 0.7099609375 0.6137026239067055 0.0625 0.13411078717201166
1 0.75830078125 0.2193877551020408 0.05419921875 0.1348396501457726
2 0.79052734375 0.3688046647230321 0.07421875 0.19752186588921283
6 0.837890625 0.7317784256559767 0.07373046875 0.14504373177842567
6 0.5869140625 0.06268221574344024 0.04931640625 0.11443148688046648
5 0.59912109375 0.2922740524781341 0.056640625 0.1661807580174927
4 0.6630859375 0.14358600583090378 0.04345703125 0.09402332361516035
4 0.6748046875 0.2303206997084548 0.04541015625 0.10058309037900874
4 0.70751953125 0.5058309037900874 0.05322265625 0.09839650145772595
4 0.69873046875 0.4008746355685131 0.0458984375 0.10058309037900874
4 0.6171875 0.6173469387755102 0.052734375 0.11224489795918367
4 0.64404296875 0.7405247813411079 0.05078125 0.1129737609329446
4 0.517578125 0.06559766763848396 0.04248046875 0.09548104956268222
4 0.51513671875 0.30247813411078717 0.04248046875 0.09766763848396501
7 0.362060546875 0.05357142857142857 0.05224609375 0.10714285714285714
8 0.17236328125 0.3651603498542274 0.072265625 0.19606413994169097
7 0.15673828125 0.48615160349854225 0.060546875 0.1326530612244898
11 0.18701171875 0.2784256559766764 0.07080078125 0.17346938775510204
12 0.25439453125 0.7419825072886297 0.06640625 0.1392128279883382
12 0.20849609375 0.05466472303206997 0.05615234375 0.10932944606413994
9 0.1650390625 0.5962099125364432 0.06982421875 0.14285714285714285
9 0.3623046875 0.19752186588921283 0.05078125 0.12973760932944606
10 0.43603515625 0.30247813411078717 0.046875 0.10204081632653061
10 0.427734375 0.13994169096209913 0.04833984375 0.10495626822157435
10 0.2841796875 0.056851311953352766 0.04345703125 0.10568513119533528
10 0.28173828125 0.22084548104956267 0.0439453125 0.10131195335276968
10 0.2734375 0.4074344023323615 0.05029296875 0.09839650145772595
10 0.26513671875 0.5131195335276968 0.05126953125 0.09620991253644315
10 0.26318359375 0.6129737609329446 0.05126953125 0.10495626822157435
10 0.44677734375 0.7303206997084548 0.05224609375 0.10422740524781342