12 0.197265625 0.08600583090379009 0.06884765625 0.12682215743440234
12 0.197265625 0.08600583090379009 0.06884765625 0.12682215743440234
8 0.1640625 0.4045189504373178 0.087890625 0.2230320699708455
11 0.34521484375 0.1457725947521866 0.0673828125 0.18294460641399418
7 0.18408203125 0.15160349854227406 0.0595703125 0.14723032069970846
7 0.35693359375 0.4263848396501458 0.0673828125 0.14941690962099125
9 0.232421875 0.7857142857142857 0.083984375 0.16909620991253643
10 0.27197265625 0.16690962099125364 0.046875 0.12026239067055394
10 0.25830078125 0.3389212827988338 0.0546875 0.10932944606413994
10 0.2568359375 0.43658892128279886 0.05712890625 0.12026239067055394
10 0.3564453125 0.5634110787172012 0.06201171875 0.119533527696793
2 0.7705078125 0.3032069970845481 0.08447265625 0.21282798833819241
3 0.43994140625 0.7806122448979592 0.07568359375 0.15962099125364432
1 0.59912109375 0.1588921282798834 0.05029296875 0.1392128279883382
3 0.43896484375 0.2456268221574344 0.0634765625 0.13848396501457727
6 0.57080078125 0.08236151603498543 0.0537109375 0.12755102040816327
6 0.50244140625 0.1618075801749271 0.05908203125 0.13192419825072887
4 0.41748046875 0.18002915451895043 0.046875 0.10787172011661808
4 0.744140625 0.7806122448979592 0.0654296875 0.11880466472303207
4 0.68408203125 0.34402332361516036 0.05078125 0.10714285714285714
4 0.60595703125 0.5400874635568513 0.05322265625 0.11370262390670553
4 0.54345703125 0.6639941690962099 0.05712890625 0.11661807580174927