8 0.1748046875 0.36443148688046645 0.0654296875 0.1946064139941691
2 0.78857421875 0.3688046647230321 0.07177734375 0.18950437317784258
11 0.189453125 0.27696793002915454 0.0634765625 0.17055393586005832
5 0.78369140625 0.29737609329446063 0.0693359375 0.16253644314868804
9 0.1669921875 0.6013119533527697 0.0703125 0.1348396501457726
3 0.4443359375 0.391399416909621 0.0546875 0.13411078717201166
3 0.58935546875 0.12973760932944606 0.046875 0.13338192419825073
7 0.16064453125 0.4897959183673469 0.056640625 0.1326530612244898
9 0.3662109375 0.19533527696793002 0.04736328125 0.1326530612244898
12 0.25537109375 0.7419825072886297 0.060546875 0.13192419825072887
7 0.193359375 0.20262390670553937 0.0498046875 0.13119533527696792
1 0.75048828125 0.21137026239067055 0.0458984375 0.130466472303207
1 0.70947265625 0.6122448979591837 0.056640625 0.12973760932944606
1 0.8408203125 0.7317784256559767 0.0703125 0.12463556851311954
1 0.74169921875 0.0641399416909621 0.04736328125 0.10787172011661808
10 0.44970703125 0.7397959183673469 0.05029296875 0.10714285714285714
4 0.619140625 0.6144314868804664 0.05126953125 0.10641399416909621
4 0.6455078125 0.739067055393586 0.04931640625 0.10495626822157435
10 0.2626953125 0.5153061224489796 0.056640625 0.10349854227405247
12 0.20849609375 0.05174927113702624 0.04736328125 0.10349854227405247
10 0.26220703125 0.6158892128279884 0.05859375 0.10276967930029154
10 0.2734375 0.40816326530612246 0.0576171875 0.10058309037900874
10 0.28564453125 0.05830903790087463 0.0419921875 0.10058309037900874
10 0.28271484375 0.22230320699708456 0.04638671875 0.09985422740524781
4 0.70849609375 0.5072886297376094 0.0498046875 0.09912536443148688
4 0.51708984375 0.29737609329446063 0.044921875 0.09839650145772595
4 0.67724609375 0.22667638483965014 0.0419921875 0.09766763848396501
10 0.4296875 0.1392128279883382 0.04150390625 0.09766763848396501
10 0.27587890625 0.30903790087463556 0.04638671875 0.09620991253644315
4 0.66650390625 0.14504373177842567 0.04150390625 0.09256559766763849
4 0.65966796875 0.061224489795918366 0.03857421875 0.09110787172011661
4 0.7001953125 0.4008746355685131 0.046875 0.10568513119533528