6 0.83935546875 0.7288629737609329 0.076171875 0.15670553935860057
2 0.80712890625 0.4868804664723032 0.0869140625 0.20481049562682216
5 0.59765625 0.29300291545189505 0.06298828125 0.1727405247813411
4 0.67724609375 0.22886297376093295 0.04833984375 0.10932944606413994
4 0.69873046875 0.40233236151603496 0.05322265625 0.10714285714285714
4 0.623046875 0.5021865889212828 0.0546875 0.10860058309037901
4 0.52197265625 0.06268221574344024 0.03466796875 0.09693877551020408
4 0.5166015625 0.30174927113702626 0.04931640625 0.10276967930029154
3 0.4423828125 0.39285714285714285 0.06298828125 0.1377551020408163
9 0.5087890625 0.1348396501457726 0.05224609375 0.13411078717201166
7 0.44287109375 0.5983965014577259 0.05810546875 0.14504373177842567
8 0.26708984375 0.36661807580174927 0.0751953125 0.19606413994169097
11 0.3623046875 0.29081632653061223 0.05908203125 0.1814868804664723
9 0.35595703125 0.48760932944606417 0.0625 0.14504373177842567
12 0.208251953125 0.054300291545189505 0.05322265625 0.10860058309037901
10 0.28369140625 0.05539358600583091 0.046875 0.10058309037900874
10 0.28515625 0.21501457725947523 0.05029296875 0.10422740524781342
10 0.4375 0.29956268221574345 0.044921875 0.09766763848396501
10 0.4453125 0.7354227405247813 0.0595703125 0.11005830903790087
10 0.2626953125 0.6129737609329446 0.0576171875 0.10860058309037901
12 0.25439453125 0.7419825072886297 0.078125 0.13848396501457727