1 0.740234375 0.15670553935860057 0.04931640625 0.12973760932944606
1 0.52197265625 0.32580174927113703 0.04833984375 0.12973760932944606
5 0.70751953125 0.4110787172011662 0.05126953125 0.16472303206997085
3 0.7705078125 0.29664723032069973 0.07177734375 0.18731778425655976
6 0.85009765625 0.782798833819242 0.07275390625 0.13848396501457727
6 0.72607421875 0.08309037900874636 0.05224609375 0.11734693877551021
3 0.81591796875 0.5451895043731778 0.07177734375 0.13556851311953352
4 0.6826171875 0.3425655976676385 0.04248046875 0.10204081632653061
3 0.60546875 0.34402332361516036 0.05908203125 0.13629737609329445
4 0.654296875 0.09256559766763849 0.0419921875 0.09912536443148688
4 0.57666015625 0.17638483965014579 0.04345703125 0.10131195335276968
4 0.51416015625 0.26239067055393583 0.0419921875 0.10349854227405247
4 0.529296875 0.44752186588921283 0.05078125 0.10422740524781342
4 0.74365234375 0.782069970845481 0.0517578125 0.11224489795918367
4 0.599609375 0.5451895043731778 0.04736328125 0.10714285714285714
4 0.54248046875 0.6661807580174927 0.052734375 0.11005830903790087
9 0.3515625 0.3272594752186589 0.05712890625 0.13119533527696792
12 0.34716796875 0.7762390670553936 0.06396484375 0.13629737609329445
12 0.19775390625 0.09110787172011661 0.04833984375 0.11588921282798834
7 0.18603515625 0.15014577259475217 0.0546875 0.14067055393586006
7 0.1416015625 0.6618075801749271 0.06494140625 0.14067055393586006
8 0.1630859375 0.40816326530612246 0.0712890625 0.1967930029154519
10 0.41748046875 0.2456268221574344 0.04345703125 0.10204081632653061
11 0.2734375 0.22084548104956267 0.0673828125 0.16545189504373178
10 0.4130859375 0.08673469387755102 0.0419921875 0.09766763848396501
10 0.27197265625 0.16326530612244897 0.0419921875 0.09620991253644315
10 0.26025390625 0.3389212827988338 0.04833984375 0.10131195335276968
10 0.2607421875 0.43658892128279886 0.05224609375 0.10860058309037901
10 0.248046875 0.6669096209912536 0.04638671875 0.10058309037900874
10 0.43115234375 0.5532069970845481 0.04541015625 0.1151603498542274
10 0.44970703125 0.7879008746355685 0.0556640625 0.10787172011661808