6 0.5888671875 0.0641399416909621 0.05419921875 0.11078717201166181
6 0.8408203125 0.7288629737609329 0.0732421875 0.13848396501457727
2 0.78369140625 0.36588921282798836 0.0888671875 0.19752186588921283
5 0.59619140625 0.29300291545189505 0.06787109375 0.17055393586005832
4 0.6650390625 0.14212827988338192 0.044921875 0.10495626822157435
4 0.67724609375 0.22740524781341107 0.04248046875 0.10568513119533528
4 0.69873046875 0.40233236151603496 0.05078125 0.10349854227405247
4 0.70751953125 0.5065597667638484 0.04931640625 0.10568513119533528
4 0.513671875 0.30029154518950435 0.0478515625 0.10131195335276968
4 0.51904296875 0.0663265306122449 0.044921875 0.10276967930029154
3 0.59033203125 0.12973760932944606 0.04638671875 0.130466472303207
3 0.44140625 0.3943148688046647 0.06201171875 0.14067055393586006
7 0.25439453125 0.7441690962099126 0.06640625 0.13848396501457727
7 0.15771484375 0.48833819241982507 0.06689453125 0.1377551020408163
12 0.205078125 0.05466472303206997 0.0625 0.10932944606413994
8 0.17138671875 0.36370262390670555 0.076171875 0.2018950437317784
11 0.35888671875 0.29591836734693877 0.076171875 0.16763848396501457
9 0.36376953125 0.19169096209912537 0.05224609375 0.13556851311953352
9 0.1650390625 0.5998542274052479 0.07275390625 0.141399416909621
10 0.435546875 0.3032069970845481 0.04443359375 0.10422740524781342
10 0.28271484375 0.056851311953352766 0.048828125 0.10422740524781342
10 0.28662109375 0.21501457725947523 0.05078125 0.10860058309037901
10 0.26171875 0.6144314868804664 0.0654296875 0.11443148688046648
10 0.4453125 0.7325072886297376 0.06298828125 0.11588921282798834