2 0.7666015625 0.2988338192419825 0.0771484375 0.20043731778425655
6 0.80126953125 0.5291545189504373 0.07080078125 0.13338192419825073
6 0.732421875 0.08527696793002916 0.0537109375 0.1260932944606414
3 0.59521484375 0.33527696793002915 0.0576171875 0.14067055393586006
3 0.638671875 0.6537900874635568 0.07080078125 0.152332361516035
4 0.73974609375 0.782069970845481 0.0595703125 0.1151603498542274
5 0.51953125 0.42346938775510207 0.06591796875 0.17419825072886297
4 0.5771484375 0.17419825072886297 0.05029296875 0.11224489795918367
4 0.6845703125 0.34475218658892126 0.046875 0.10787172011661808
4 0.60498046875 0.5393586005830904 0.052734375 0.11151603498542274
4 0.5439453125 0.6654518950437318 0.04638671875 0.11151603498542274
4 0.5146484375 0.26239067055393583 0.04931640625 0.10349854227405247
1 0.65185546875 0.07871720116618076 0.05224609375 0.1377551020408163
1 0.359375 0.5371720116618076 0.0615234375 0.14795918367346939
11 0.345703125 0.14650145772594753 0.06201171875 0.17346938775510204
8 0.16357421875 0.40524781341107874 0.0849609375 0.20408163265306123
9 0.2373046875 0.7871720116618076 0.06884765625 0.15451895043731778
12 0.19580078125 0.08600583090379009 0.05126953125 0.12536443148688048
7 0.18798828125 0.14795918367346939 0.05322265625 0.14285714285714285
7 0.1416015625 0.6610787172011662 0.0703125 0.15014577259475217
9 0.3515625 0.32871720116618075 0.0634765625 0.14212827988338192
10 0.412109375 0.08527696793002916 0.05078125 0.10860058309037901
10 0.416015625 0.2434402332361516 0.0478515625 0.11151603498542274
10 0.27294921875 0.16545189504373178 0.04931640625 0.10714285714285714
10 0.2587890625 0.336734693877551 0.04931640625 0.10422740524781342
10 0.2587890625 0.4380466472303207 0.05517578125 0.11443148688046648
10 0.24951171875 0.6639941690962099 0.05419921875 0.11224489795918367