1 0.59912109375 0.15816326530612246 0.05712890625 0.14285714285714285
2 0.76904296875 0.29518950437317787 0.08544921875 0.20772594752186588
6 0.51611328125 0.24489795918367346 0.0634765625 0.12244897959183673
3 0.43798828125 0.24927113702623907 0.0634765625 0.13119533527696792
3 0.439453125 0.7784256559766763 0.078125 0.15816326530612246
4 0.74169921875 0.7798833819241983 0.06494140625 0.1326530612244898
6 0.568359375 0.08163265306122448 0.06005859375 0.12755102040816327
4 0.68212890625 0.34110787172011664 0.056640625 0.11078717201166181
4 0.54150390625 0.6654518950437318 0.05517578125 0.12026239067055394
4 0.6064453125 0.5364431486880467 0.06103515625 0.12099125364431487
4 0.49169921875 0.16982507288629736 0.05029296875 0.11005830903790087
4 0.4189453125 0.17711370262390672 0.0458984375 0.1151603498542274
8 0.16357421875 0.40816326530612246 0.0830078125 0.20772594752186588
11 0.345703125 0.14431486880466474 0.0615234375 0.17638483965014579
9 0.2353515625 0.7871720116618076 0.08203125 0.1588921282798834
12 0.1982421875 0.08673469387755102 0.05908203125 0.1260932944606414
7 0.1865234375 0.15014577259475217 0.05859375 0.14650145772594753
7 0.3564453125 0.4263848396501458 0.060546875 0.14431486880466474
10 0.41259765625 0.08527696793002916 0.0498046875 0.10860058309037901
10 0.27294921875 0.16545189504373178 0.0517578125 0.10641399416909621
10 0.26025390625 0.3396501457725947 0.0537109375 0.1129737609329446
10 0.26025390625 0.4380466472303207 0.05712890625 0.11880466472303207
10 0.3544921875 0.5612244897959183 0.05712890625 0.119533527696793