5 0.7822265625 0.2944606413994169 0.06787109375 0.1552478134110787
2 0.7861328125 0.3673469387755102 0.07177734375 0.18513119533527697
1 0.80859375 0.49271137026239065 0.05615234375 0.12973760932944606
1 0.75341796875 0.21137026239067055 0.04736328125 0.12536443148688048
3 0.7431640625 0.13702623906705538 0.05810546875 0.11005830903790087
3 0.826171875 0.6115160349854227 0.07177734375 0.119533527696793
6 0.74169921875 0.06486880466472303 0.04638671875 0.10131195335276968
6 0.8388671875 0.7332361516034985 0.0673828125 0.12536443148688048
4 0.73876953125 0.7354227405247813 0.05078125 0.10058309037900874
4 0.7236328125 0.6137026239067055 0.04931640625 0.10058309037900874
4 0.7099609375 0.5080174927113703 0.04296875 0.09548104956268222
4 0.6982421875 0.4045189504373178 0.04443359375 0.09693877551020408
4 0.685546875 0.3075801749271137 0.04541015625 0.09329446064139942
4 0.67529296875 0.2259475218658892 0.0400390625 0.09548104956268222
4 0.6650390625 0.1457725947521866 0.04150390625 0.08819241982507289
4 0.66064453125 0.06341107871720117 0.03955078125 0.09183673469387756
11 0.19091796875 0.27769679300291544 0.0615234375 0.16545189504373178
8 0.17578125 0.3629737609329446 0.06396484375 0.1902332361516035
7 0.193359375 0.20408163265306123 0.04833984375 0.130466472303207
7 0.16162109375 0.48760932944606417 0.0546875 0.12973760932944606
9 0.21142578125 0.12536443148688048 0.05078125 0.1260932944606414
9 0.1669921875 0.6013119533527697 0.06494140625 0.13994169096209913
12 0.1435546875 0.7456268221574344 0.0625 0.1326530612244898
12 0.21044921875 0.05102040816326531 0.0458984375 0.10204081632653061
10 0.287109375 0.05539358600583091 0.0380859375 0.09548104956268222
10 0.28515625 0.13702623906705538 0.0419921875 0.08819241982507289
10 0.2822265625 0.22448979591836735 0.04150390625 0.09693877551020408
10 0.27685546875 0.30685131195335275 0.0478515625 0.09839650145772595
10 0.27783203125 0.40889212827988336 0.046875 0.09839650145772595
10 0.263671875 0.5138483965014577 0.05419921875 0.10204081632653061
10 0.2646484375 0.6151603498542274 0.05078125 0.10495626822157435
10 0.25244140625 0.739067055393586 0.0546875 0.10276967930029154