6 0.84033203125 0.7288629737609329 0.076171875 0.152332361516035
4 0.51904296875 0.0597667638483965 0.0517578125 0.10568513119533528
2 0.78955078125 0.3688046647230321 0.08447265625 0.20772594752186588
5 0.59716796875 0.29081632653061223 0.0673828125 0.1793002915451895
4 0.69921875 0.4045189504373178 0.05859375 0.10058309037900874
4 0.67578125 0.22959183673469388 0.0556640625 0.09912536443148688
4 0.6640625 0.14431486880466474 0.0478515625 0.10422740524781342
4 0.51806640625 0.30174927113702626 0.04638671875 0.10714285714285714
4 0.62646484375 0.5145772594752187 0.05615234375 0.11370262390670553
3 0.439453125 0.39504373177842567 0.06982421875 0.14067055393586006
7 0.443359375 0.6020408163265306 0.0673828125 0.14650145772594753
11 0.361328125 0.29081632653061223 0.06591796875 0.18877551020408162
9 0.5087890625 0.13702623906705538 0.0576171875 0.1457725947521866
9 0.166015625 0.6027696793002916 0.078125 0.14723032069970846
8 0.17041015625 0.36370262390670555 0.07861328125 0.20116618075801748
12 0.205078125 0.0564868804664723 0.0654296875 0.1129737609329446
12 0.25537109375 0.7412536443148688 0.076171875 0.13848396501457727
10 0.2626953125 0.6151603498542274 0.05859375 0.11588921282798834
10 0.4384765625 0.3010204081632653 0.0537109375 0.10714285714285714
10 0.28466796875 0.05612244897959184 0.0478515625 0.10714285714285714
10 0.28662109375 0.22084548104956267 0.052734375 0.09912536443148688
10 0.451171875 0.7332361516034985 0.06298828125 0.12026239067055394