5 0.7880859375 0.28717201166180756 0.05908203125 0.14285714285714285
2 0.79248046875 0.3680758017492711 0.078125 0.18221574344023322
1 0.76171875 0.21501457725947523 0.05126953125 0.1260932944606414
1 0.8037109375 0.49854227405247814 0.05859375 0.1260932944606414
6 0.74609375 0.13338192419825073 0.0546875 0.11370262390670553
6 0.826171875 0.608600583090379 0.0712890625 0.12973760932944606
6 0.74267578125 0.0663265306122449 0.0478515625 0.10714285714285714
6 0.8388671875 0.7332361516034985 0.07421875 0.12755102040816327
4 0.6591796875 0.06486880466472303 0.041015625 0.09329446064139942
4 0.6650390625 0.14358600583090378 0.04248046875 0.09183673469387756
4 0.6748046875 0.22448979591836735 0.04541015625 0.09475218658892129
4 0.6845703125 0.3032069970845481 0.044921875 0.10568513119533528
4 0.69921875 0.39868804664723034 0.04150390625 0.10204081632653061
4 0.71142578125 0.5021865889212828 0.04345703125 0.10641399416909621
4 0.72509765625 0.6122448979591837 0.04638671875 0.10495626822157435
4 0.7392578125 0.7332361516034985 0.0517578125 0.1151603498542274
11 0.18798828125 0.2784256559766764 0.064453125 0.16399416909620992
8 0.17431640625 0.36370262390670555 0.06787109375 0.1902332361516035
7 0.1923828125 0.2033527696793003 0.05224609375 0.1282798833819242
7 0.15966796875 0.48542274052478135 0.0595703125 0.13702623906705538
9 0.2001953125 0.12900874635568513 0.0546875 0.11807580174927114
9 0.15576171875 0.619533527696793 0.0673828125 0.1348396501457726
12 0.1435546875 0.7441690962099126 0.0673828125 0.13994169096209913
12 0.208740234375 0.05284256559766764 0.05126953125 0.10568513119533528
10 0.28173828125 0.056851311953352766 0.04638671875 0.08746355685131195
10 0.28173828125 0.1377551020408163 0.04736328125 0.09110787172011661
10 0.28076171875 0.2230320699708455 0.04638671875 0.09620991253644315
10 0.27294921875 0.30830903790087466 0.05615234375 0.09839650145772595
10 0.27294921875 0.4103498542274053 0.056640625 0.10422740524781342
10 0.26171875 0.5116618075801749 0.05810546875 0.09475218658892129
10 0.26123046875 0.6151603498542274 0.06103515625 0.10495626822157435
10 0.25048828125 0.7368804664723032 0.060546875 0.10349854227405247