10 0.2734375 0.1683673469387755 0.04052734375 0.09110787172011661
4 0.6826171875 0.3432944606413994 0.04248046875 0.09839650145772595
2 0.77099609375 0.29664723032069973 0.07080078125 0.20408163265306123
4 0.51171875 0.2587463556851312 0.0419921875 0.08965014577259475
10 0.26904296875 0.09985422740524781 0.05322265625 0.10276967930029154
4 0.57470703125 0.1749271137026239 0.0478515625 0.09693877551020408
1 0.7353515625 0.16034985422740525 0.0546875 0.12682215743440234
11 0.275390625 0.2099125364431487 0.06982421875 0.12755102040816327
10 0.271484375 0.3301749271137026 0.056640625 0.12317784256559766
4 0.65625 0.09620991253644315 0.0419921875 0.08892128279883382
10 0.4140625 0.2478134110787172 0.044921875 0.10568513119533528
8 0.16015625 0.40816326530612246 0.06982421875 0.1793002915451895
7 0.1875 0.16545189504373178 0.06494140625 0.14868804664723032
3 0.51416015625 0.34183673469387754 0.0615234375 0.1260932944606414
12 0.1923828125 0.10276967930029154 0.0654296875 0.1457725947521866
10 0.4345703125 0.5561224489795918 0.05908203125 0.11005830903790087
3 0.6005859375 0.3301749271137026 0.05859375 0.1392128279883382
5 0.708984375 0.42565597667638483 0.07177734375 0.15451895043731778
4 0.548828125 0.6559766763848397 0.05712890625 0.10495626822157435
10 0.2490234375 0.6647230320699709 0.05078125 0.10349854227405247
6 0.7197265625 0.08527696793002916 0.05224609375 0.09839650145772595
4 0.59912109375 0.543002915451895 0.05322265625 0.1151603498542274
6 0.8486328125 0.7776967930029155 0.07177734375 0.14285714285714285
7 0.13525390625 0.6574344023323615 0.06982421875 0.14067055393586006
3 0.8134765625 0.5393586005830904 0.080078125 0.12317784256559766
9 0.15673828125 0.543002915451895 0.07080078125 0.1457725947521866
9 0.3486328125 0.32580174927113703 0.060546875 0.14067055393586006
10 0.26123046875 0.4263848396501458 0.0615234375 0.1260932944606414
4 0.5283203125 0.45262390670553937 0.05419921875 0.11078717201166181
10 0.43994140625 0.7798833819241983 0.06201171875 0.11807580174927114
12 0.3486328125 0.7784256559766763 0.06884765625 0.14358600583090378
4 0.74609375 0.7755102040816326 0.0546875 0.1129737609329446