2 0.77197265625 0.29737609329446063 0.0712890625 0.19169096209912537
5 0.70458984375 0.4205539358600583 0.068359375 0.17784256559766765
6 0.845703125 0.7813411078717201 0.07763671875 0.13338192419825073
6 0.73291015625 0.08454810495626822 0.05712890625 0.11807580174927114
1 0.35791015625 0.5400874635568513 0.0634765625 0.14285714285714285
1 0.650390625 0.07871720116618076 0.05224609375 0.14067055393586006
3 0.60546875 0.34183673469387754 0.056640625 0.14212827988338192
3 0.64599609375 0.6603498542274052 0.06591796875 0.13411078717201166
4 0.59716796875 0.5451895043731778 0.05859375 0.11443148688046648
4 0.7392578125 0.7842565597667639 0.0615234375 0.11224489795918367
4 0.68212890625 0.3454810495626822 0.04345703125 0.10714285714285714
4 0.57666015625 0.17784256559766765 0.0419921875 0.10641399416909621
4 0.5068359375 0.09110787172011661 0.04736328125 0.10349854227405247
4 0.5146484375 0.2631195335276968 0.04638671875 0.11005830903790087
4 0.3544921875 0.4518950437317784 0.0458984375 0.10495626822157435
4 0.54296875 0.6647230320699709 0.0498046875 0.11370262390670553
12 0.1962890625 0.08965014577259475 0.05078125 0.11661807580174927
12 0.34521484375 0.7776967930029155 0.064453125 0.14285714285714285
11 0.2744140625 0.22157434402332363 0.0673828125 0.16763848396501457
8 0.1611328125 0.40597667638483964 0.072265625 0.19096209912536444
7 0.18603515625 0.15160349854227406 0.05517578125 0.1377551020408163
7 0.14306640625 0.6632653061224489 0.06787109375 0.13848396501457727
9 0.16259765625 0.5459183673469388 0.07421875 0.1326530612244898
9 0.3515625 0.32871720116618075 0.05712890625 0.12973760932944606
10 0.41748046875 0.24489795918367346 0.0478515625 0.10787172011661808
10 0.4111328125 0.08527696793002916 0.04638671875 0.10422740524781342
10 0.27294921875 0.1661807580174927 0.0478515625 0.09839650145772595
10 0.26123046875 0.3403790087463557 0.0478515625 0.10714285714285714
10 0.24609375 0.6676384839650146 0.056640625 0.11370262390670553
10 0.25927734375 0.4358600583090379 0.0537109375 0.11224489795918367
10 0.43115234375 0.5583090379008746 0.04736328125 0.11151603498542274
10 0.4453125 0.7915451895043731 0.05810546875 0.11661807580174927