6 0.732421875 0.08527696793002916 0.0546875 0.12099125364431487
6 0.84765625 0.782069970845481 0.0751953125 0.13629737609329445
2 0.77197265625 0.2988338192419825 0.072265625 0.19606413994169097
5 0.708984375 0.4096209912536443 0.0654296875 0.16472303206997085
4 0.6826171875 0.3432944606413994 0.041015625 0.10422740524781342
4 0.7431640625 0.7813411078717201 0.05517578125 0.10932944606413994
3 0.81640625 0.5459183673469388 0.07177734375 0.1260932944606414
3 0.60693359375 0.3403790087463557 0.0546875 0.1377551020408163
1 0.65283203125 0.08090379008746355 0.0498046875 0.1348396501457726
1 0.515625 0.3338192419825073 0.060546875 0.13848396501457727
4 0.50732421875 0.08965014577259475 0.0419921875 0.09985422740524781
4 0.5771484375 0.17565597667638483 0.04248046875 0.10131195335276968
4 0.5146484375 0.2653061224489796 0.04638671875 0.10495626822157435
4 0.533203125 0.44387755102040816 0.04443359375 0.10422740524781342
4 0.59912109375 0.5451895043731778 0.04736328125 0.11078717201166181
4 0.54296875 0.6654518950437318 0.05419921875 0.11443148688046648
9 0.35107421875 0.32871720116618075 0.05908203125 0.13556851311953352
9 0.16015625 0.5444606413994169 0.07568359375 0.13119533527696792
8 0.16455078125 0.4074344023323615 0.07080078125 0.1924198250728863
7 0.14306640625 0.6639941690962099 0.06640625 0.13848396501457727
7 0.18701171875 0.15160349854227406 0.056640625 0.1348396501457726
12 0.1982421875 0.09110787172011661 0.0478515625 0.1217201166180758
12 0.3466796875 0.7776967930029155 0.0673828125 0.13848396501457727
10 0.24609375 0.6669096209912536 0.052734375 0.11005830903790087
10 0.259765625 0.43731778425655976 0.05419921875 0.10058309037900874
10 0.26171875 0.34110787172011664 0.05029296875 0.10058309037900874
11 0.27392578125 0.22084548104956267 0.06982421875 0.16399416909620992
10 0.27490234375 0.16326530612244897 0.04150390625 0.09329446064139942
10 0.41357421875 0.08819241982507289 0.04443359375 0.10058309037900874
10 0.41650390625 0.24416909620991253 0.0458984375 0.10131195335276968
10 0.4296875 0.5583090379008746 0.05126953125 0.10787172011661808
10 0.447265625 0.7871720116618076 0.056640625 0.11370262390670553