2 0.76708984375 0.30029154518950435 0.07763671875 0.20116618075801748
3 0.5947265625 0.33819241982507287 0.05517578125 0.14431486880466474
3 0.4404296875 0.7791545189504373 0.06640625 0.15962099125364432
6 0.56982421875 0.07871720116618076 0.05615234375 0.1282798833819242
6 0.52197265625 0.4329446064139942 0.06103515625 0.1377551020408163
4 0.74169921875 0.7806122448979592 0.06201171875 0.12317784256559766
4 0.6826171875 0.34110787172011664 0.05224609375 0.10932944606413994
4 0.60791015625 0.5386297376093294 0.05029296875 0.11588921282798834
4 0.54150390625 0.6625364431486881 0.05810546875 0.11370262390670553
4 0.51513671875 0.26384839650145775 0.0537109375 0.10276967930029154
4 0.49169921875 0.17128279883381925 0.0498046875 0.10860058309037901
1 0.59716796875 0.1588921282798834 0.05078125 0.14941690962099125
1 0.35400390625 0.5371720116618076 0.06787109375 0.14868804664723032
11 0.34716796875 0.14723032069970846 0.0576171875 0.17638483965014579
9 0.23779296875 0.7879008746355685 0.07275390625 0.1618075801749271
9 0.34912109375 0.3236151603498542 0.06005859375 0.1348396501457726
7 0.35693359375 0.4293002915451895 0.0556640625 0.13848396501457727
7 0.1845703125 0.15014577259475217 0.068359375 0.14212827988338192
12 0.197265625 0.09183673469387756 0.05615234375 0.12026239067055394
8 0.1640625 0.4045189504373178 0.07763671875 0.2018950437317784
10 0.41064453125 0.08527696793002916 0.05078125 0.10860058309037901
10 0.27490234375 0.16690962099125364 0.05078125 0.10422740524781342
10 0.26025390625 0.33746355685131196 0.04931640625 0.10058309037900874
10 0.2587890625 0.43440233236151604 0.05322265625 0.11078717201166181
10 0.24951171875 0.6661807580174927 0.05859375 0.1151603498542274