1 0.7080078125 0.6129737609329446 0.07177734375 0.13556851311953352
2 0.7880859375 0.36588921282798836 0.080078125 0.2018950437317784
5 0.59912109375 0.29300291545189505 0.060546875 0.17711370262390672
6 0.837890625 0.7325072886297376 0.08203125 0.13411078717201166
6 0.58837890625 0.06486880466472303 0.0478515625 0.11661807580174927
4 0.6640625 0.14285714285714285 0.04443359375 0.10568513119533528
4 0.67578125 0.22521865889212828 0.04931640625 0.10349854227405247
4 0.7001953125 0.40233236151603496 0.05419921875 0.10714285714285714
4 0.70751953125 0.5058309037900874 0.052734375 0.10787172011661808
4 0.64013671875 0.7397959183673469 0.05712890625 0.11807580174927114
4 0.517578125 0.0663265306122449 0.04541015625 0.10787172011661808
4 0.52001953125 0.30029154518950435 0.046875 0.10422740524781342
3 0.58984375 0.13338192419825073 0.0517578125 0.1348396501457726
3 0.4423828125 0.39504373177842567 0.056640625 0.14431486880466474
11 0.36328125 0.2944606413994169 0.06494140625 0.17055393586005832
12 0.25341796875 0.7383381924198251 0.0673828125 0.13119533527696792
12 0.20556640625 0.05466472303206997 0.05908203125 0.10932944606413994
8 0.1708984375 0.3622448979591837 0.07373046875 0.1924198250728863
7 0.15771484375 0.4868804664723032 0.0634765625 0.13629737609329445
9 0.36474609375 0.1902332361516035 0.05419921875 0.12900874635568513
9 0.162109375 0.6027696793002916 0.07421875 0.14285714285714285
10 0.4365234375 0.30029154518950435 0.048828125 0.10568513119533528
10 0.28564453125 0.0575801749271137 0.04931640625 0.10276967930029154
10 0.2880859375 0.2164723032069971 0.048828125 0.10349854227405247
10 0.27294921875 0.40816326530612246 0.0595703125 0.10422740524781342
10 0.26318359375 0.5116618075801749 0.0556640625 0.10276967930029154
10 0.2626953125 0.6151603498542274 0.0576171875 0.10932944606413994
10 0.44970703125 0.7368804664723032 0.0546875 0.11807580174927114