9 0.4296875 0.15816326530612246 0.05908203125 0.13994169096209913
9 0.234375 0.7900874635568513 0.0791015625 0.1588921282798834
8 0.1640625 0.40816326530612246 0.08544921875 0.21355685131195334
11 0.34375 0.15160349854227406 0.06640625 0.1749271137026239
12 0.19775390625 0.08819241982507289 0.06982421875 0.13119533527696792
7 0.18603515625 0.15087463556851313 0.0654296875 0.14650145772594753
7 0.35546875 0.42565597667638483 0.06396484375 0.14795918367346939
10 0.4111328125 0.08309037900874636 0.056640625 0.10495626822157435
10 0.27197265625 0.16399416909620992 0.05322265625 0.10131195335276968
10 0.25830078125 0.33527696793002915 0.05712890625 0.11370262390670553
10 0.248046875 0.6625364431486881 0.0576171875 0.11734693877551021
10 0.259765625 0.4358600583090379 0.056640625 0.119533527696793
2 0.767578125 0.2981049562682216 0.083984375 0.20626822157434402
3 0.59765625 0.3360058309037901 0.05908203125 0.15087463556851313
3 0.43994140625 0.7806122448979592 0.0712890625 0.15306122448979592
6 0.568359375 0.07653061224489796 0.0537109375 0.12900874635568513
6 0.52099609375 0.43513119533527694 0.06201171875 0.13848396501457727
1 0.59619140625 0.1588921282798834 0.04833984375 0.14941690962099125
1 0.35888671875 0.5422740524781341 0.0625 0.14941690962099125
4 0.51416015625 0.26457725947521865 0.0478515625 0.10787172011661808
4 0.4892578125 0.17128279883381925 0.05078125 0.10204081632653061
4 0.68603515625 0.3469387755102041 0.05224609375 0.11078717201166181
4 0.744140625 0.7842565597667639 0.05908203125 0.12026239067055394
4 0.60595703125 0.5400874635568513 0.05126953125 0.12682215743440234
4 0.54248046875 0.6618075801749271 0.0576171875 0.12317784256559766