1 0.5966796875 0.15670553935860057 0.05224609375 0.14504373177842567
2 0.76953125 0.29956268221574345 0.08203125 0.19533527696793002
3 0.2431640625 0.6392128279883382 0.0703125 0.15670553935860057
3 0.35009765625 0.4329446064139942 0.06689453125 0.14868804664723032
4 0.74169921875 0.7871720116618076 0.060546875 0.11734693877551021
4 0.68603515625 0.34402332361516036 0.0537109375 0.11224489795918367
4 0.60791015625 0.5371720116618076 0.05078125 0.11443148688046648
4 0.541015625 0.6669096209912536 0.05908203125 0.1217201166180758
6 0.57080078125 0.0794460641399417 0.0517578125 0.12755102040816327
6 0.51025390625 0.3432944606413994 0.056640625 0.1260932944606414
12 0.1962890625 0.08746355685131195 0.0556640625 0.12317784256559766
4 0.41845703125 0.18221574344023322 0.04833984375 0.11078717201166181
8 0.16845703125 0.30612244897959184 0.08251953125 0.20116618075801748
9 0.23681640625 0.7879008746355685 0.0830078125 0.15451895043731778
7 0.18603515625 0.14504373177842567 0.064453125 0.15743440233236153
11 0.34814453125 0.14795918367346939 0.0634765625 0.18440233236151604
10 0.27294921875 0.1661807580174927 0.05078125 0.10787172011661808
10 0.25927734375 0.3389212827988338 0.0537109375 0.11370262390670553
10 0.26025390625 0.4358600583090379 0.0576171875 0.11224489795918367
10 0.35546875 0.5619533527696793 0.0576171875 0.11588921282798834