5 0.52099609375 0.4205539358600583 0.064453125 0.18440233236151604
3 0.59423828125 0.33309037900874633 0.05419921875 0.14504373177842567
3 0.63916015625 0.6552478134110787 0.06884765625 0.15451895043731778
2 0.767578125 0.30029154518950435 0.0791015625 0.19606413994169097
6 0.7333984375 0.08527696793002916 0.05615234375 0.1260932944606414
6 0.84716796875 0.782798833819242 0.0791015625 0.1392128279883382
4 0.74365234375 0.782069970845481 0.0634765625 0.1217201166180758
4 0.68212890625 0.3425655976676385 0.052734375 0.11443148688046648
4 0.5751953125 0.1749271137026239 0.04443359375 0.10495626822157435
4 0.60791015625 0.5393586005830904 0.05419921875 0.10714285714285714
4 0.5419921875 0.6625364431486881 0.056640625 0.11370262390670553
4 0.5126953125 0.2653061224489796 0.0478515625 0.11588921282798834
1 0.6533203125 0.08090379008746355 0.05322265625 0.14067055393586006
1 0.35693359375 0.5371720116618076 0.0595703125 0.14723032069970846
12 0.197265625 0.08527696793002916 0.05615234375 0.12755102040816327
8 0.16357421875 0.4008746355685131 0.072265625 0.1967930029154519
9 0.34912109375 0.3294460641399417 0.0595703125 0.13848396501457727
9 0.162109375 0.5451895043731778 0.072265625 0.14067055393586006
7 0.18701171875 0.15014577259475217 0.05810546875 0.13994169096209913
7 0.14404296875 0.6588921282798834 0.0673828125 0.13994169096209913
11 0.27294921875 0.22011661807580174 0.07275390625 0.16107871720116618
10 0.27294921875 0.16545189504373178 0.04931640625 0.09985422740524781
10 0.41259765625 0.08600583090379009 0.04931640625 0.10131195335276968
10 0.41748046875 0.24927113702623907 0.04541015625 0.10641399416909621
10 0.25927734375 0.3389212827988338 0.04638671875 0.10568513119533528
10 0.25830078125 0.4395043731778426 0.05419921875 0.11005830903790087
10 0.25146484375 0.6669096209912536 0.056640625 0.11588921282798834