2 0.7666015625 0.29737609329446063 0.08154296875 0.20626822157434402
6 0.73095703125 0.08527696793002916 0.0576171875 0.12463556851311954
6 0.80419921875 0.5313411078717201 0.07177734375 0.1326530612244898
1 0.63671875 0.6574344023323615 0.06591796875 0.15597667638483964
1 0.59521484375 0.33454810495626824 0.05810546875 0.13994169096209913
5 0.5205078125 0.42346938775510207 0.06494140625 0.18002915451895043
4 0.5126953125 0.26384839650145775 0.04541015625 0.10860058309037901
4 0.7421875 0.782069970845481 0.05859375 0.119533527696793
4 0.68310546875 0.3425655976676385 0.05078125 0.11151603498542274
4 0.6064453125 0.5415451895043731 0.05810546875 0.11370262390670553
4 0.5400390625 0.6669096209912536 0.05908203125 0.1151603498542274
4 0.48876953125 0.17419825072886297 0.05322265625 0.10204081632653061
1 0.59765625 0.15743440233236153 0.0634765625 0.14795918367346939
1 0.3583984375 0.5371720116618076 0.06884765625 0.14067055393586006
11 0.34521484375 0.14795918367346939 0.0654296875 0.1793002915451895
12 0.197265625 0.08673469387755102 0.05859375 0.119533527696793
9 0.23779296875 0.7908163265306123 0.07861328125 0.14868804664723032
9 0.35009765625 0.3250728862973761 0.05908203125 0.1326530612244898
7 0.35546875 0.4263848396501458 0.05419921875 0.1326530612244898
7 0.18701171875 0.15087463556851313 0.05810546875 0.13848396501457727
8 0.16552734375 0.40889212827988336 0.083984375 0.20626822157434402
10 0.4140625 0.08819241982507289 0.04345703125 0.11078717201166181
10 0.4169921875 0.24708454810495628 0.04833984375 0.11151603498542274
10 0.2734375 0.1683673469387755 0.0498046875 0.10714285714285714
10 0.2607421875 0.33819241982507287 0.05126953125 0.11224489795918367
10 0.25927734375 0.4380466472303207 0.05322265625 0.11370262390670553
10 0.25 0.6669096209912536 0.0576171875 0.11807580174927114