7 0.18603515625 0.15087463556851313 0.06494140625 0.13848396501457727
7 0.3564453125 0.42346938775510207 0.05078125 0.13192419825072887
9 0.23486328125 0.7849854227405247 0.07177734375 0.15597667638483964
9 0.35205078125 0.3250728862973761 0.0595703125 0.13338192419825073
11 0.34521484375 0.14504373177842567 0.0634765625 0.17346938775510204
8 0.16162109375 0.4074344023323615 0.078125 0.19825072886297376
12 0.19677734375 0.09037900874635568 0.0595703125 0.1260932944606414
10 0.41357421875 0.08309037900874636 0.04638671875 0.10787172011661808
10 0.24951171875 0.6654518950437318 0.05517578125 0.1129737609329446
10 0.26025390625 0.43658892128279886 0.0595703125 0.10714285714285714
10 0.26025390625 0.33819241982507287 0.05224609375 0.10860058309037901
10 0.275390625 0.16399416909620992 0.05078125 0.11370262390670553
1 0.59765625 0.16034985422740525 0.05078125 0.14650145772594753
1 0.35791015625 0.5386297376093294 0.05517578125 0.14285714285714285
3 0.44091796875 0.7776967930029155 0.06689453125 0.15306122448979592
3 0.59521484375 0.33527696793002915 0.0576171875 0.141399416909621
2 0.76904296875 0.29300291545189505 0.080078125 0.19752186588921283
6 0.5703125 0.08017492711370262 0.05078125 0.12244897959183673
6 0.7900390625 0.4358600583090379 0.0703125 0.12900874635568513
4 0.74169921875 0.7835276967930029 0.06103515625 0.11443148688046648
4 0.685546875 0.3403790087463557 0.046875 0.10932944606413994
4 0.4892578125 0.17201166180758018 0.04248046875 0.10058309037900874
4 0.5146484375 0.26384839650145775 0.0419921875 0.10568513119533528
4 0.60791015625 0.5371720116618076 0.052734375 0.11443148688046648
4 0.54248046875 0.6661807580174927 0.05078125 0.11224489795918367