11 0.27294921875 0.22084548104956267 0.072265625 0.16399416909620992
2 0.77001953125 0.2981049562682216 0.076171875 0.18950437317784258
1 0.65087890625 0.07798833819241982 0.052734375 0.1377551020408163
6 0.7314453125 0.08454810495626822 0.05419921875 0.11588921282798834
4 0.68408203125 0.3432944606413994 0.04931640625 0.10058309037900874
6 0.84716796875 0.782798833819242 0.07861328125 0.1348396501457726
4 0.7412109375 0.7857142857142857 0.06103515625 0.10860058309037901
3 0.64794921875 0.6618075801749271 0.06689453125 0.13192419825072887
3 0.607421875 0.34183673469387754 0.05322265625 0.1326530612244898
5 0.51904296875 0.41909620991253643 0.06298828125 0.17419825072886297
4 0.54052734375 0.6676384839650146 0.05517578125 0.11078717201166181
4 0.59814453125 0.5451895043731778 0.048828125 0.11005830903790087
4 0.576171875 0.17419825072886297 0.04296875 0.09912536443148688
4 0.5078125 0.08965014577259475 0.03662109375 0.10131195335276968
4 0.51318359375 0.26166180758017493 0.0458984375 0.10131195335276968
4 0.35791015625 0.45043731778425655 0.04638671875 0.10714285714285714
1 0.359375 0.5371720116618076 0.0556640625 0.13848396501457727
8 0.16162109375 0.40597667638483964 0.0703125 0.19387755102040816
12 0.1962890625 0.08673469387755102 0.05126953125 0.119533527696793
9 0.35107421875 0.32871720116618075 0.05908203125 0.1282798833819242
9 0.16015625 0.5451895043731778 0.06884765625 0.1326530612244898
7 0.185546875 0.15087463556851313 0.05322265625 0.1392128279883382
7 0.1416015625 0.6618075801749271 0.0673828125 0.1377551020408163
10 0.27294921875 0.16399416909620992 0.04296875 0.09183673469387756
10 0.2587890625 0.33454810495626824 0.05078125 0.10058309037900874
10 0.2451171875 0.6669096209912536 0.05712890625 0.11443148688046648
10 0.2587890625 0.43731778425655976 0.05078125 0.10495626822157435
10 0.41357421875 0.08673469387755102 0.04345703125 0.10058309037900874
10 0.4169921875 0.24416909620991253 0.0439453125 0.10495626822157435
10 0.431640625 0.5568513119533528 0.046875 0.10714285714285714