2 0.7353515625 0.5983965014577259 0.0859375 0.2055393586005831
6 0.85107421875 0.7448979591836735 0.0791015625 0.14868804664723032
3 0.45556640625 0.38556851311953355 0.076171875 0.1377551020408163
5 0.61474609375 0.2915451895043732 0.06640625 0.1836734693877551
4 0.69482421875 0.22376093294460642 0.05419921875 0.11734693877551021
4 0.5361328125 0.29956268221574345 0.0498046875 0.10932944606413994
4 0.63818359375 0.5087463556851312 0.0498046875 0.11370262390670553
12 0.6572265625 0.7201166180758017 0.0712890625 0.14431486880466474
9 0.5283203125 0.12900874635568513 0.0625 0.14285714285714285
8 0.287109375 0.35714285714285715 0.07421875 0.20262390670553937
12 0.23095703125 0.04664723032069971 0.05908203125 0.09329446064139942
11 0.37890625 0.27988338192419826 0.0556640625 0.17711370262390672
10 0.4541015625 0.2944606413994169 0.0556640625 0.11880466472303207
10 0.3056640625 0.04956268221574344 0.0517578125 0.09912536443148688
10 0.3046875 0.2018950437317784 0.05224609375 0.11151603498542274
10 0.2763671875 0.5991253644314869 0.0576171875 0.11151603498542274