6 0.845703125 0.782069970845481 0.076171875 0.14067055393586006
2 0.65771484375 0.7427113702623906 0.08056640625 0.20772594752186588
5 0.5927734375 0.32798833819241985 0.0703125 0.1749271137026239
4 0.67578125 0.2529154518950437 0.0498046875 0.10568513119533528
4 0.62255859375 0.5451895043731778 0.0576171875 0.11005830903790087
4 0.513671875 0.33527696793002915 0.05029296875 0.10932944606413994
8 0.35107421875 0.4067055393586006 0.076171875 0.19752186588921283
12 0.17578125 0.24927113702623907 0.06591796875 0.12244897959183673
10 0.26904296875 0.08819241982507289 0.056640625 0.10349854227405247
10 0.35498046875 0.18075801749271136 0.052734375 0.10860058309037901
10 0.42919921875 0.3389212827988338 0.05224609375 0.10714285714285714
10 0.25390625 0.6698250728862973 0.0595703125 0.12244897959183673