2 0.77001953125 0.3010204081632653 0.078125 0.19314868804664723
5 0.52099609375 0.42419825072886297 0.0634765625 0.17346938775510204
1 0.6513671875 0.08017492711370262 0.05419921875 0.1377551020408163
6 0.7333984375 0.08381924198250729 0.0517578125 0.1151603498542274
6 0.84716796875 0.7835276967930029 0.07861328125 0.13556851311953352
4 0.7412109375 0.782798833819242 0.06201171875 0.11151603498542274
3 0.638671875 0.6537900874635568 0.06982421875 0.15087463556851313
3 0.6044921875 0.3389212827988338 0.0576171875 0.13702623906705538
4 0.68408203125 0.3432944606413994 0.0478515625 0.10058309037900874
4 0.57861328125 0.17565597667638483 0.04541015625 0.10131195335276968
4 0.51416015625 0.26166180758017493 0.044921875 0.10276967930029154
4 0.607421875 0.5400874635568513 0.0478515625 0.10714285714285714
4 0.5419921875 0.6661807580174927 0.05224609375 0.10932944606413994
4 0.3564453125 0.4489795918367347 0.04736328125 0.09766763848396501
1 0.3583984375 0.5422740524781341 0.05810546875 0.13994169096209913
10 0.2724609375 0.16763848396501457 0.044921875 0.10422740524781342
11 0.27685546875 0.22084548104956267 0.05859375 0.16472303206997085
8 0.16259765625 0.4037900874635568 0.07177734375 0.18950437317784258
9 0.16162109375 0.543731778425656 0.0732421875 0.13556851311953352
7 0.18408203125 0.15160349854227406 0.06689453125 0.1326530612244898
7 0.14306640625 0.6618075801749271 0.064453125 0.13702623906705538
9 0.353515625 0.32653061224489793 0.060546875 0.130466472303207
12 0.1962890625 0.08600583090379009 0.0634765625 0.12755102040816327
10 0.41259765625 0.08527696793002916 0.04638671875 0.10641399416909621
10 0.4169921875 0.24854227405247814 0.04736328125 0.10714285714285714
10 0.25927734375 0.33746355685131196 0.04931640625 0.10276967930029154
10 0.2578125 0.4387755102040816 0.0546875 0.10349854227405247
10 0.24462890625 0.6661807580174927 0.06005859375 0.1129737609329446
10 0.42919921875 0.5583090379008746 0.04736328125 0.10714285714285714