9 0.244140625 0.641399416909621 0.0693359375 0.15962099125364432
2 0.76904296875 0.3032069970845481 0.08154296875 0.2018950437317784
6 0.5712890625 0.08163265306122448 0.05712890625 0.13119533527696792
1 0.505859375 0.2303206997084548 0.05810546875 0.1457725947521866
4 0.41943359375 0.18002915451895043 0.05029296875 0.10568513119533528
4 0.6845703125 0.3469387755102041 0.04638671875 0.11224489795918367
4 0.60595703125 0.5386297376093294 0.05419921875 0.12026239067055394
4 0.5419921875 0.6654518950437318 0.0546875 0.11661807580174927
9 0.45263671875 0.6457725947521866 0.07080078125 0.1552478134110787
7 0.43994140625 0.42857142857142855 0.0595703125 0.1552478134110787
8 0.16357421875 0.30174927113702626 0.07568359375 0.20772594752186588
12 0.43359375 0.07798833819241982 0.0546875 0.12755102040816327
11 0.34521484375 0.14795918367346939 0.05908203125 0.17638483965014579
10 0.2724609375 0.16690962099125364 0.05126953125 0.10860058309037901
10 0.25927734375 0.34110787172011664 0.0595703125 0.11005830903790087
10 0.34814453125 0.33090379008746357 0.0546875 0.11443148688046648
10 0.35595703125 0.5568513119533528 0.0556640625 0.12536443148688048