6 0.84033203125 0.7317784256559767 0.07373046875 0.13629737609329445
2 0.80615234375 0.4905247813411079 0.0908203125 0.19606413994169097
5 0.59765625 0.2915451895043732 0.0615234375 0.17638483965014579
3 0.43798828125 0.3943148688046647 0.06591796875 0.13629737609329445
4 0.69873046875 0.4045189504373178 0.0498046875 0.10641399416909621
4 0.67626953125 0.2259475218658892 0.04638671875 0.10568513119533528
4 0.62109375 0.5043731778425656 0.05224609375 0.11588921282798834
4 0.51708984375 0.3053935860058309 0.0419921875 0.10932944606413994
4 0.36328125 0.0619533527696793 0.0439453125 0.11151603498542274
11 0.36279296875 0.29081632653061223 0.05908203125 0.17346938775510204
8 0.26904296875 0.3688046647230321 0.07568359375 0.19825072886297376
9 0.3564453125 0.4905247813411079 0.056640625 0.14941690962099125
7 0.4404296875 0.6020408163265306 0.06298828125 0.15087463556851313
9 0.50732421875 0.1326530612244898 0.0546875 0.14285714285714285
12 0.642578125 0.7201166180758017 0.0732421875 0.14723032069970846
12 0.20751953125 0.05466472303206997 0.0556640625 0.10932944606413994
10 0.43408203125 0.303935860058309 0.04931640625 0.10349854227405247
10 0.28369140625 0.0575801749271137 0.0498046875 0.09620991253644315
10 0.2861328125 0.21501457725947523 0.05078125 0.10276967930029154
10 0.2626953125 0.6122448979591837 0.06005859375 0.11588921282798834