11 0.345703125 0.14795918367346939 0.0732421875 0.18002915451895043
7 0.18408203125 0.14868804664723032 0.06298828125 0.1377551020408163
12 0.19775390625 0.08892128279883382 0.0634765625 0.1260932944606414
8 0.16552734375 0.303935860058309 0.0771484375 0.20481049562682216
9 0.2353515625 0.7900874635568513 0.0859375 0.16545189504373178
10 0.2744140625 0.16472303206997085 0.0595703125 0.11880466472303207
10 0.259765625 0.336734693877551 0.05615234375 0.11224489795918367
10 0.26025390625 0.43731778425655976 0.05908203125 0.11734693877551021
10 0.357421875 0.5619533527696793 0.0615234375 0.11370262390670553
2 0.76953125 0.29664723032069973 0.08447265625 0.1989795918367347
1 0.5986328125 0.16034985422740525 0.0595703125 0.14067055393586006
3 0.2431640625 0.6370262390670554 0.076171875 0.16399416909620992
3 0.349609375 0.4358600583090379 0.0673828125 0.16399416909620992
6 0.57080078125 0.07871720116618076 0.056640625 0.12682215743440234
6 0.51123046875 0.3425655976676385 0.06396484375 0.1348396501457726
4 0.41552734375 0.18513119533527697 0.05078125 0.11370262390670553
4 0.68408203125 0.3403790087463557 0.04833984375 0.1151603498542274
4 0.5458984375 0.6639941690962099 0.05908203125 0.12463556851311954
4 0.60400390625 0.5379008746355685 0.05712890625 0.12536443148688048