9 0.2373046875 0.7879008746355685 0.0888671875 0.15962099125364432
7 0.4384765625 0.42857142857142855 0.06591796875 0.15743440233236153
11 0.34716796875 0.14795918367346939 0.0615234375 0.18294460641399418
8 0.1650390625 0.3010204081632653 0.07958984375 0.22157434402332363
12 0.1943359375 0.08892128279883382 0.06103515625 0.13119533527696792
10 0.27392578125 0.17128279883381925 0.05322265625 0.10932944606413994
10 0.2548828125 0.33746355685131196 0.05712890625 0.10860058309037901
10 0.2587890625 0.43513119533527694 0.06103515625 0.11151603498542274
10 0.35400390625 0.5553935860058309 0.064453125 0.1217201166180758
2 0.76708984375 0.29664723032069973 0.08837890625 0.21428571428571427
6 0.57177734375 0.08746355685131195 0.05322265625 0.1260932944606414
6 0.35107421875 0.3425655976676385 0.06201171875 0.13629737609329445
3 0.34716796875 0.4358600583090379 0.06787109375 0.14941690962099125
3 0.24462890625 0.6399416909620991 0.06591796875 0.16107871720116618
1 0.50830078125 0.23615160349854228 0.0595703125 0.1552478134110787
4 0.41552734375 0.18002915451895043 0.05126953125 0.10787172011661808
4 0.68408203125 0.34110787172011664 0.05126953125 0.10495626822157435
4 0.607421875 0.5379008746355685 0.056640625 0.1217201166180758
4 0.54443359375 0.6661807580174927 0.05810546875 0.11734693877551021