5 0.783203125 0.29591836734693877 0.0732421875 0.16253644314868804
2 0.7890625 0.3688046647230321 0.0771484375 0.18877551020408162
1 0.76220703125 0.21428571428571427 0.0517578125 0.1282798833819242
1 0.80419921875 0.4963556851311953 0.05908203125 0.1282798833819242
3 0.74658203125 0.13629737609329445 0.05517578125 0.11880466472303207
3 0.826171875 0.6122448979591837 0.072265625 0.12317784256559766
6 0.74169921875 0.06705539358600583 0.04931640625 0.10131195335276968
6 0.84033203125 0.7325072886297376 0.06884765625 0.12244897959183673
4 0.73876953125 0.7346938775510204 0.05078125 0.10131195335276968
4 0.7236328125 0.6137026239067055 0.05078125 0.09693877551020408
4 0.71142578125 0.5087463556851312 0.05029296875 0.09548104956268222
4 0.69921875 0.4045189504373178 0.0439453125 0.09475218658892129
4 0.685546875 0.3075801749271137 0.04345703125 0.09475218658892129
4 0.67431640625 0.22740524781341107 0.044921875 0.09402332361516035
4 0.66650390625 0.1457725947521866 0.04150390625 0.09183673469387756
4 0.66064453125 0.060495626822157436 0.0380859375 0.09693877551020408
11 0.189453125 0.27769679300291544 0.0634765625 0.1661807580174927
8 0.173828125 0.36370262390670555 0.06689453125 0.1924198250728863
7 0.19189453125 0.2033527696793003 0.0498046875 0.1282798833819242
7 0.1591796875 0.489067055393586 0.05908203125 0.13702623906705538
9 0.19873046875 0.1282798833819242 0.05615234375 0.12099125364431487
9 0.15673828125 0.6217201166180758 0.06640625 0.13192419825072887
12 0.208740234375 0.05284256559766764 0.04931640625 0.10568513119533528
12 0.140625 0.7470845481049563 0.0712890625 0.13556851311953352
10 0.28173828125 0.0575801749271137 0.0439453125 0.08819241982507289
10 0.28173828125 0.13848396501457727 0.044921875 0.08965014577259475
10 0.28076171875 0.22376093294460642 0.04296875 0.09620991253644315
10 0.275390625 0.30685131195335275 0.0498046875 0.09693877551020408
10 0.2734375 0.40889212827988336 0.05419921875 0.10058309037900874
10 0.2646484375 0.510932944606414 0.0537109375 0.09839650145772595
10 0.263671875 0.6122448979591837 0.05126953125 0.10641399416909621
10 0.25390625 0.7332361516034985 0.05126953125 0.11151603498542274