11 0.34326171875 0.1457725947521866 0.068359375 0.18002915451895043
12 0.1982421875 0.09110787172011661 0.0634765625 0.12900874635568513
7 0.18798828125 0.14941690962099125 0.06201171875 0.14504373177842567
8 0.166015625 0.3053935860058309 0.07421875 0.20481049562682216
9 0.2392578125 0.7871720116618076 0.08349609375 0.1618075801749271
10 0.27197265625 0.16326530612244897 0.0537109375 0.10932944606413994
10 0.25732421875 0.336734693877551 0.052734375 0.10641399416909621
10 0.2587890625 0.43513119533527694 0.06201171875 0.11078717201166181
10 0.3583984375 0.5619533527696793 0.0595703125 0.11443148688046648
2 0.77099609375 0.29956268221574345 0.08544921875 0.20116618075801748
6 0.57275390625 0.08017492711370262 0.0595703125 0.12973760932944606
1 0.50537109375 0.22959183673469388 0.06201171875 0.15306122448979592
6 0.51025390625 0.34402332361516036 0.0625 0.12536443148688048
3 0.35107421875 0.43002915451895046 0.0732421875 0.15962099125364432
3 0.24072265625 0.6384839650145773 0.07177734375 0.1552478134110787
4 0.41796875 0.17638483965014579 0.04931640625 0.11078717201166181
4 0.5419921875 0.6647230320699709 0.0576171875 0.11370262390670553
4 0.68408203125 0.34110787172011664 0.052734375 0.11151603498542274
4 0.60986328125 0.5400874635568513 0.05419921875 0.1129737609329446