12 0.4384765625 0.2529154518950437 0.05810546875 0.12755102040816327
8 0.3515625 0.4110787172011662 0.0732421875 0.20116618075801748
10 0.4267578125 0.3396501457725947 0.052734375 0.11005830903790087
10 0.35400390625 0.1793002915451895 0.052734375 0.10860058309037901
10 0.26904296875 0.08892128279883382 0.05078125 0.10495626822157435
10 0.2548828125 0.672740524781341 0.05859375 0.11443148688046648
2 0.6572265625 0.7463556851311953 0.0810546875 0.20772594752186588
6 0.84521484375 0.7835276967930029 0.078125 0.13848396501457727
5 0.59375 0.32434402332361517 0.0634765625 0.1814868804664723
4 0.6767578125 0.2543731778425656 0.04296875 0.10568513119533528
4 0.513671875 0.336734693877551 0.0458984375 0.10495626822157435
4 0.62255859375 0.5466472303206997 0.052734375 0.11151603498542274