2 0.7685546875 0.3010204081632653 0.072265625 0.1880466472303207
5 0.79052734375 0.4030612244897959 0.07275390625 0.16763848396501457
3 0.81494140625 0.5393586005830904 0.06884765625 0.12463556851311954
3 0.7666015625 0.2456268221574344 0.0634765625 0.119533527696793
1 0.82275390625 0.6537900874635568 0.0654296875 0.1392128279883382
1 0.7412109375 0.15451895043731778 0.0498046875 0.1377551020408163
6 0.7265625 0.08309037900874636 0.0537109375 0.11443148688046648
6 0.84814453125 0.7842565597667639 0.078125 0.1326530612244898
4 0.7431640625 0.7849854227405247 0.056640625 0.10787172011661808
4 0.7236328125 0.6450437317784257 0.05322265625 0.10787172011661808
4 0.69970703125 0.5444606413994169 0.05078125 0.10204081632653061
4 0.6962890625 0.4293002915451895 0.04833984375 0.09985422740524781
4 0.677734375 0.3432944606413994 0.0556640625 0.10058309037900874
4 0.67578125 0.26822157434402333 0.0478515625 0.10058309037900874
4 0.65380859375 0.17784256559766765 0.04638671875 0.09766763848396501
4 0.65283203125 0.08965014577259475 0.04150390625 0.10058309037900874
11 0.1767578125 0.32653061224489793 0.068359375 0.17346938775510204
8 0.16064453125 0.4067055393586006 0.07470703125 0.19387755102040816
9 0.16943359375 0.2456268221574344 0.06005859375 0.12099125364431487
9 0.1572265625 0.543002915451895 0.07763671875 0.13629737609329445
7 0.1845703125 0.1457725947521866 0.05908203125 0.14212827988338192
7 0.1396484375 0.6618075801749271 0.06787109375 0.14285714285714285
12 0.19482421875 0.09110787172011661 0.05615234375 0.11661807580174927
12 0.1337890625 0.8068513119533528 0.07666015625 0.13848396501457727
10 0.2666015625 0.09110787172011661 0.048828125 0.09912536443148688
10 0.27294921875 0.16909620991253643 0.04833984375 0.10422740524781342
10 0.26025390625 0.25510204081632654 0.05078125 0.10276967930029154
10 0.25830078125 0.3396501457725947 0.052734375 0.10131195335276968
10 0.259765625 0.43658892128279886 0.05615234375 0.10932944606413994
10 0.23876953125 0.8017492711370262 0.06103515625 0.10860058309037901
10 0.24365234375 0.6639941690962099 0.05908203125 0.11588921282798834
10 0.4306640625 0.5568513119533528 0.052734375 0.1129737609329446