6 0.84814453125 0.7806122448979592 0.0771484375 0.13629737609329445
2 0.7685546875 0.2981049562682216 0.07470703125 0.2033527696793003
6 0.73291015625 0.08527696793002916 0.0546875 0.12099125364431487
5 0.51806640625 0.4227405247813411 0.05908203125 0.17638483965014579
3 0.63623046875 0.6552478134110787 0.0634765625 0.14868804664723032
3 0.59619140625 0.33454810495626824 0.0546875 0.1377551020408163
4 0.74267578125 0.782069970845481 0.056640625 0.11734693877551021
4 0.60595703125 0.5371720116618076 0.05078125 0.10422740524781342
4 0.5419921875 0.6647230320699709 0.052734375 0.10932944606413994
4 0.6845703125 0.3454810495626822 0.0498046875 0.10641399416909621
4 0.513671875 0.26457725947521865 0.05224609375 0.10714285714285714
4 0.57568359375 0.17346938775510204 0.05078125 0.10495626822157435
1 0.65185546875 0.0794460641399417 0.05224609375 0.13702623906705538
1 0.35791015625 0.5422740524781341 0.05712890625 0.14431486880466474
7 0.18408203125 0.15087463556851313 0.06005859375 0.1392128279883382
12 0.19677734375 0.08965014577259475 0.05126953125 0.11734693877551021
8 0.16162109375 0.4037900874635568 0.07470703125 0.19606413994169097
11 0.34375 0.14650145772594753 0.06201171875 0.17784256559766765
9 0.349609375 0.3301749271137026 0.06005859375 0.1326530612244898
9 0.16162109375 0.5444606413994169 0.0732421875 0.13411078717201166
7 0.14306640625 0.6603498542274052 0.0693359375 0.14431486880466474
10 0.25 0.6683673469387755 0.0546875 0.1129737609329446
10 0.2587890625 0.4387755102040816 0.0625 0.10787172011661808
10 0.2578125 0.33819241982507287 0.05029296875 0.11005830903790087
10 0.27197265625 0.17128279883381925 0.05224609375 0.10860058309037901
10 0.41259765625 0.08527696793002916 0.048828125 0.10641399416909621
10 0.41943359375 0.2456268221574344 0.05078125 0.10422740524781342