12 0.64501953125 0.7762390670553936 0.07080078125 0.13994169096209913
6 0.84423828125 0.7784256559766763 0.07421875 0.13556851311953352
2 0.72412109375 0.6362973760932945 0.08203125 0.20845481049562684
5 0.59375 0.32580174927113703 0.0693359375 0.17638483965014579
4 0.6767578125 0.25510204081632654 0.046875 0.10495626822157435
4 0.61962890625 0.5488338192419825 0.0546875 0.11443148688046648
4 0.51171875 0.336734693877551 0.048828125 0.10204081632653061
6 0.265625 0.5408163265306123 0.06298828125 0.141399416909621
8 0.3525390625 0.40889212827988336 0.0751953125 0.19387755102040816
12 0.173828125 0.2521865889212828 0.06689453125 0.1260932944606414
10 0.42822265625 0.3389212827988338 0.0498046875 0.10787172011661808
10 0.35595703125 0.1836734693877551 0.04833984375 0.10787172011661808
10 0.26806640625 0.08746355685131195 0.048828125 0.10349854227405247
10 0.25439453125 0.6698250728862973 0.0595703125 0.10860058309037901