6 0.5859375 0.06778425655976676 0.05322265625 0.12244897959183673
6 0.83984375 0.7339650145772595 0.07421875 0.13848396501457727
2 0.78955078125 0.369533527696793 0.07861328125 0.19825072886297376
5 0.5966796875 0.29081632653061223 0.0693359375 0.17128279883381925
4 0.66357421875 0.14358600583090378 0.04443359375 0.10058309037900874
4 0.67578125 0.22740524781341107 0.0458984375 0.10714285714285714
4 0.69775390625 0.39941690962099125 0.052734375 0.11224489795918367
4 0.62060546875 0.5043731778425656 0.05029296875 0.10714285714285714
4 0.51611328125 0.30174927113702626 0.0537109375 0.10714285714285714
4 0.51708984375 0.06486880466472303 0.0458984375 0.09985422740524781
3 0.58984375 0.13338192419825073 0.048828125 0.1326530612244898
3 0.43701171875 0.3943148688046647 0.0693359375 0.13848396501457727
11 0.35986328125 0.29518950437317787 0.07080078125 0.16982507288629736
12 0.207275390625 0.05575801749271137 0.05908203125 0.11151603498542274
12 0.25439453125 0.7434402332361516 0.06982421875 0.13629737609329445
8 0.16650390625 0.36151603498542273 0.07861328125 0.19606413994169097
7 0.154296875 0.48615160349854225 0.0751953125 0.1377551020408163
9 0.36572265625 0.19533527696793002 0.06005859375 0.13556851311953352
9 0.1640625 0.6056851311953353 0.07763671875 0.14358600583090378
10 0.435546875 0.2981049562682216 0.0498046875 0.10568513119533528
10 0.28369140625 0.05539358600583091 0.04541015625 0.10204081632653061
10 0.28515625 0.21501457725947523 0.04833984375 0.10860058309037901
10 0.26220703125 0.6129737609329446 0.05908203125 0.12026239067055394
10 0.4443359375 0.7332361516034985 0.06103515625 0.11734693877551021