2 0.77587890625 0.3112244897959184 0.0830078125 0.19533527696793002
6 0.27001953125 0.06924198250728864 0.056640625 0.12026239067055394
8 0.1669921875 0.30466472303207 0.07958984375 0.20845481049562684
12 0.4384765625 0.3389212827988338 0.05029296875 0.12463556851311954
7 0.44189453125 0.43075801749271136 0.06103515625 0.14067055393586006
10 0.35546875 0.5597667638483965 0.05712890625 0.11005830903790087
10 0.2734375 0.16690962099125364 0.05029296875 0.10932944606413994
10 0.26025390625 0.336734693877551 0.05322265625 0.11151603498542274
4 0.34765625 0.44096209912536444 0.0537109375 0.10714285714285714
4 0.59033203125 0.34110787172011664 0.04541015625 0.10787172011661808
4 0.5419921875 0.6639941690962099 0.05224609375 0.11588921282798834