5 0.59521484375 0.29664723032069973 0.07275390625 0.17055393586005832
2 0.78662109375 0.369533527696793 0.08740234375 0.19970845481049562
6 0.83837890625 0.7244897959183674 0.076171875 0.152332361516035
6 0.583984375 0.061224489795918366 0.052734375 0.11078717201166181
3 0.58935546875 0.13411078717201166 0.06298828125 0.12973760932944606
3 0.44189453125 0.39212827988338195 0.06689453125 0.14067055393586006
4 0.666015625 0.1457725947521866 0.0458984375 0.10058309037900874
4 0.6767578125 0.22886297376093295 0.04638671875 0.10568513119533528
4 0.69873046875 0.40160349854227406 0.0498046875 0.11807580174927114
4 0.625 0.5021865889212828 0.05615234375 0.11078717201166181
4 0.515625 0.30029154518950435 0.05078125 0.10495626822157435
4 0.51953125 0.06559766763848396 0.04931640625 0.10714285714285714
11 0.361328125 0.2944606413994169 0.0732421875 0.16982507288629736
7 0.2578125 0.37973760932944606 0.0654296875 0.15087463556851313
12 0.3642578125 0.18950437317784258 0.0595703125 0.13702623906705538
12 0.16455078125 0.6005830903790087 0.076171875 0.15306122448979592
8 0.16748046875 0.36661807580174927 0.080078125 0.20481049562682216
12 0.203857421875 0.054300291545189505 0.06494140625 0.10860058309037901
12 0.2509765625 0.7397959183673469 0.076171875 0.14212827988338192
10 0.28173828125 0.056851311953352766 0.04931640625 0.10058309037900874
10 0.2626953125 0.6137026239067055 0.056640625 0.11588921282798834
10 0.2880859375 0.21793002915451895 0.05615234375 0.1129737609329446
10 0.43505859375 0.3010204081632653 0.05078125 0.10714285714285714
10 0.4462890625 0.7361516034985423 0.05712890625 0.1217201166180758