5 0.59765625 0.29008746355685133 0.06982421875 0.17638483965014579
2 0.8056640625 0.48177842565597667 0.08349609375 0.2055393586005831
6 0.83642578125 0.7303206997084548 0.08056640625 0.14650145772594753
4 0.6962890625 0.4045189504373178 0.05029296875 0.11151603498542274
4 0.6748046875 0.22740524781341107 0.05322265625 0.09912536443148688
4 0.662109375 0.14431486880466474 0.046875 0.09985422740524781
4 0.52001953125 0.06705539358600583 0.044921875 0.09766763848396501
4 0.51513671875 0.30174927113702626 0.05078125 0.11370262390670553
4 0.62353515625 0.5029154518950437 0.05908203125 0.11807580174927114
3 0.4404296875 0.39285714285714285 0.0634765625 0.13702623906705538
12 0.20654296875 0.05539358600583091 0.060546875 0.11078717201166181
12 0.25537109375 0.7434402332361516 0.06591796875 0.13702623906705538
8 0.2666015625 0.3688046647230321 0.0751953125 0.19825072886297376
9 0.50830078125 0.13702623906705538 0.05419921875 0.14285714285714285
9 0.166015625 0.6020408163265306 0.076171875 0.14358600583090378
7 0.44091796875 0.6020408163265306 0.06103515625 0.13848396501457727
11 0.36279296875 0.29081632653061223 0.06298828125 0.17711370262390672
10 0.4345703125 0.30174927113702626 0.05029296875 0.10349854227405247
10 0.2841796875 0.056851311953352766 0.05322265625 0.10641399416909621
10 0.28564453125 0.2164723032069971 0.05029296875 0.10568513119533528
10 0.26025390625 0.6158892128279884 0.05908203125 0.11370262390670553
10 0.44677734375 0.7368804664723032 0.0625 0.1151603498542274