5 0.78271484375 0.29664723032069973 0.068359375 0.152332361516035
2 0.791015625 0.3680758017492711 0.076171875 0.18513119533527697
1 0.763671875 0.21428571428571427 0.0537109375 0.1239067055393586
1 0.80322265625 0.4956268221574344 0.0595703125 0.13119533527696792
3 0.7470703125 0.13629737609329445 0.056640625 0.11370262390670553
3 0.82666015625 0.607871720116618 0.07421875 0.1217201166180758
6 0.7421875 0.0663265306122449 0.048828125 0.10058309037900874
6 0.8427734375 0.7361516034985423 0.07177734375 0.1260932944606414
4 0.658203125 0.06341107871720117 0.0419921875 0.09329446064139942
4 0.6650390625 0.14212827988338192 0.0400390625 0.09548104956268222
4 0.6767578125 0.22521865889212828 0.0419921875 0.09548104956268222
4 0.68701171875 0.3075801749271137 0.04296875 0.09839650145772595
4 0.6982421875 0.4030612244897959 0.04931640625 0.09402332361516035
4 0.71142578125 0.5058309037900874 0.04638671875 0.10568513119533528
4 0.72509765625 0.6151603498542274 0.0498046875 0.10204081632653061
4 0.73876953125 0.7354227405247813 0.05419921875 0.10131195335276968
11 0.1884765625 0.27696793002915454 0.0634765625 0.16909620991253643
8 0.17333984375 0.3629737609329446 0.0673828125 0.18877551020408162
7 0.16015625 0.489067055393586 0.056640625 0.13556851311953352
7 0.19189453125 0.20481049562682216 0.05126953125 0.12973760932944606
9 0.19921875 0.12682215743440234 0.05419921875 0.11734693877551021
9 0.1552734375 0.6224489795918368 0.068359375 0.12973760932944606
10 0.25390625 0.7397959183673469 0.056640625 0.10422740524781342
10 0.2607421875 0.6158892128279884 0.0625 0.10276967930029154
10 0.26416015625 0.5138483965014577 0.05224609375 0.09766763848396501
10 0.2763671875 0.4110787172011662 0.05029296875 0.10058309037900874
10 0.27685546875 0.3097667638483965 0.05224609375 0.09766763848396501
10 0.28564453125 0.22521865889212828 0.04296875 0.09402332361516035
10 0.28564453125 0.13848396501457727 0.044921875 0.08819241982507289
10 0.28564453125 0.0597667638483965 0.0439453125 0.09766763848396501
12 0.208984375 0.052478134110787174 0.04736328125 0.10422740524781342
12 0.14208984375 0.7434402332361516 0.0673828125 0.13994169096209913