2 0.73974609375 0.597667638483965 0.083984375 0.19606413994169097
6 0.85498046875 0.739067055393586 0.068359375 0.1392128279883382
12 0.65478515625 0.7208454810495627 0.06591796875 0.13848396501457727
9 0.529296875 0.12900874635568513 0.0498046875 0.13848396501457727
5 0.6171875 0.29008746355685133 0.0693359375 0.17638483965014579
4 0.69677734375 0.2259475218658892 0.044921875 0.10204081632653061
4 0.7177734375 0.4045189504373178 0.0546875 0.10495626822157435
4 0.64013671875 0.5029154518950437 0.05126953125 0.10787172011661808
4 0.53662109375 0.29737609329446063 0.04833984375 0.10787172011661808
3 0.458984375 0.3892128279883382 0.0625 0.1348396501457726
10 0.45556640625 0.2944606413994169 0.048828125 0.10058309037900874
11 0.38037109375 0.28425655976676384 0.06982421875 0.17128279883381925
8 0.28466796875 0.35495626822157433 0.07177734375 0.1946064139941691
12 0.23193359375 0.04956268221574344 0.0595703125 0.09912536443148688
10 0.30615234375 0.04664723032069971 0.0458984375 0.09329446064139942
10 0.30712890625 0.2033527696793003 0.05078125 0.10422740524781342
10 0.2744140625 0.6020408163265306 0.05810546875 0.11224489795918367