6 0.64404296875 0.7696793002915452 0.07275390625 0.13848396501457727
6 0.84716796875 0.7784256559766763 0.076171875 0.14067055393586006
2 0.720703125 0.6370262390670554 0.08984375 0.20408163265306123
5 0.5927734375 0.3236151603498542 0.0615234375 0.17565597667638483
4 0.67724609375 0.2536443148688047 0.04931640625 0.11443148688046648
4 0.623046875 0.5488338192419825 0.05615234375 0.119533527696793
4 0.50927734375 0.33746355685131196 0.0478515625 0.10714285714285714
3 0.26708984375 0.5408163265306123 0.07177734375 0.14358600583090378
8 0.259765625 0.4110787172011662 0.07177734375 0.19970845481049562
10 0.25537109375 0.6698250728862973 0.05810546875 0.11078717201166181
12 0.17529296875 0.25 0.064453125 0.11734693877551021
10 0.26953125 0.08746355685131195 0.0498046875 0.10276967930029154
10 0.35400390625 0.17857142857142858 0.05078125 0.10714285714285714
10 0.4306640625 0.3425655976676385 0.0498046875 0.11005830903790087