3 0.44384765625 0.39504373177842567 0.06298828125 0.1348396501457726
4 0.51904296875 0.06559766763848396 0.04638671875 0.10495626822157435
6 0.84033203125 0.7346938775510204 0.08349609375 0.14067055393586006
2 0.8046875 0.48615160349854225 0.08740234375 0.20043731778425655
5 0.59912109375 0.2915451895043732 0.0634765625 0.1814868804664723
4 0.697265625 0.40524781341107874 0.0498046875 0.10568513119533528
4 0.67626953125 0.2303206997084548 0.04443359375 0.10349854227405247
4 0.51611328125 0.30466472303207 0.04931640625 0.10204081632653061
4 0.623046875 0.5051020408163265 0.0517578125 0.10787172011661808
12 0.640625 0.717201166180758 0.0732421875 0.14212827988338192
12 0.2099609375 0.058673469387755105 0.0595703125 0.11734693877551021
11 0.3623046875 0.29373177842565595 0.05908203125 0.17419825072886297
8 0.27001953125 0.37244897959183676 0.072265625 0.19533527696793002
7 0.44091796875 0.6005830903790087 0.0615234375 0.14358600583090378
9 0.50830078125 0.13556851311953352 0.05322265625 0.1326530612244898
9 0.35791015625 0.4956268221574344 0.06396484375 0.141399416909621
10 0.43603515625 0.30029154518950435 0.048828125 0.10349854227405247
10 0.28369140625 0.056851311953352766 0.048828125 0.10276967930029154
10 0.28759765625 0.2164723032069971 0.04638671875 0.10860058309037901
10 0.26220703125 0.6115160349854227 0.0576171875 0.11661807580174927