2 0.76806640625 0.29737609329446063 0.08154296875 0.20845481049562684
1 0.599609375 0.15816326530612246 0.0576171875 0.14067055393586006
6 0.5703125 0.0794460641399417 0.05419921875 0.12755102040816327
6 0.5029296875 0.16399416909620992 0.05859375 0.12682215743440234
4 0.68505859375 0.34110787172011664 0.0478515625 0.11151603498542274
4 0.7412109375 0.7835276967930029 0.06298828125 0.119533527696793
4 0.60791015625 0.5357142857142857 0.0546875 0.12244897959183673
4 0.5419921875 0.6618075801749271 0.06201171875 0.12682215743440234
4 0.41748046875 0.17638483965014579 0.0478515625 0.10422740524781342
3 0.4404296875 0.24927113702623907 0.0654296875 0.13702623906705538
3 0.24658203125 0.6392128279883382 0.08056640625 0.15014577259475217
8 0.1640625 0.4067055393586006 0.080078125 0.20481049562682216
7 0.1845703125 0.15160349854227406 0.07177734375 0.14285714285714285
7 0.35595703125 0.42419825072886297 0.0673828125 0.14941690962099125
12 0.197265625 0.09693877551020408 0.06494140625 0.13411078717201166
11 0.34423828125 0.14795918367346939 0.07080078125 0.18075801749271136
9 0.23486328125 0.7879008746355685 0.07763671875 0.16399416909620992
10 0.2744140625 0.16253644314868804 0.05322265625 0.11370262390670553
10 0.25830078125 0.336734693877551 0.05810546875 0.10349854227405247
10 0.25927734375 0.43513119533527694 0.06640625 0.1151603498542274
10 0.35546875 0.5677842565597667 0.0625 0.1260932944606414