9 0.45263671875 0.6465014577259475 0.06787109375 0.16034985422740525
8 0.16455078125 0.3032069970845481 0.0771484375 0.20481049562682216
11 0.3447265625 0.1457725947521866 0.06201171875 0.17784256559766765
7 0.43798828125 0.4322157434402332 0.0673828125 0.14285714285714285
12 0.423828125 0.15816326530612246 0.06005859375 0.12536443148688048
10 0.4404296875 0.32653061224489793 0.05419921875 0.10495626822157435
10 0.2734375 0.16982507288629736 0.06396484375 0.11443148688046648
10 0.259765625 0.3389212827988338 0.052734375 0.11078717201166181
10 0.353515625 0.5626822157434402 0.05419921875 0.12536443148688048
6 0.27001953125 0.07361516034985423 0.06201171875 0.12973760932944606
3 0.24658203125 0.6450437317784257 0.07763671875 0.16107871720116618
1 0.50830078125 0.23396501457725946 0.0498046875 0.14504373177842567
2 0.76953125 0.29956268221574345 0.0830078125 0.19970845481049562
4 0.6845703125 0.3403790087463557 0.04931640625 0.1129737609329446
4 0.5419921875 0.6625364431486881 0.05224609375 0.1239067055393586
4 0.6083984375 0.5386297376093294 0.05224609375 0.11807580174927114