5 0.79248046875 0.4045189504373178 0.0751953125 0.17346938775510204
2 0.77001953125 0.3032069970845481 0.07470703125 0.1793002915451895
3 0.7666015625 0.24416909620991253 0.06591796875 0.12026239067055394
3 0.8154296875 0.5408163265306123 0.076171875 0.119533527696793
1 0.744140625 0.1552478134110787 0.05078125 0.13411078717201166
1 0.8232421875 0.6545189504373178 0.06494140625 0.13192419825072887
6 0.72412109375 0.08090379008746355 0.05322265625 0.1239067055393586
6 0.8486328125 0.7849854227405247 0.07568359375 0.1282798833819242
4 0.74462890625 0.7857142857142857 0.05908203125 0.11078717201166181
4 0.72216796875 0.6450437317784257 0.0625 0.11151603498542274
4 0.69677734375 0.5415451895043731 0.0546875 0.10204081632653061
4 0.6943359375 0.4293002915451895 0.0517578125 0.09912536443148688
4 0.6845703125 0.34475218658892126 0.04833984375 0.09766763848396501
4 0.677734375 0.2660349854227405 0.046875 0.09912536443148688
4 0.65966796875 0.17565597667638483 0.0419921875 0.09548104956268222
4 0.65478515625 0.09110787172011661 0.0419921875 0.09912536443148688
11 0.1767578125 0.3236151603498542 0.06396484375 0.17055393586005832
8 0.16064453125 0.40524781341107874 0.072265625 0.1946064139941691
9 0.17138671875 0.2434402332361516 0.06396484375 0.11370262390670553
9 0.1591796875 0.543731778425656 0.06689453125 0.13192419825072887
7 0.185546875 0.14941690962099125 0.05419921875 0.13411078717201166
7 0.142578125 0.6625364431486881 0.06689453125 0.13848396501457727
12 0.19580078125 0.08673469387755102 0.0537109375 0.119533527696793
12 0.13134765625 0.8046647230320699 0.07080078125 0.13629737609329445
10 0.265625 0.08965014577259475 0.04443359375 0.09766763848396501
10 0.27099609375 0.16982507288629736 0.04541015625 0.10058309037900874
10 0.25830078125 0.25510204081632654 0.04541015625 0.10058309037900874
10 0.26123046875 0.3360058309037901 0.05029296875 0.09620991253644315
10 0.259765625 0.43658892128279886 0.0517578125 0.10422740524781342
10 0.251953125 0.5481049562682215 0.05126953125 0.10641399416909621
10 0.24365234375 0.6683673469387755 0.0546875 0.11005830903790087
10 0.23779296875 0.8032069970845481 0.0634765625 0.10787172011661808