7 0.4423828125 0.4314868804664723 0.0703125 0.14067055393586006
12 0.4345703125 0.3403790087463557 0.05810546875 0.13119533527696792
9 0.45166015625 0.6486880466472303 0.07080078125 0.15743440233236153
8 0.1669921875 0.30466472303207 0.08203125 0.21137026239067055
11 0.3447265625 0.14504373177842567 0.06884765625 0.17638483965014579
10 0.2744140625 0.1661807580174927 0.05517578125 0.11005830903790087
10 0.25927734375 0.33819241982507287 0.0576171875 0.10714285714285714
10 0.35595703125 0.5641399416909622 0.05126953125 0.11734693877551021
6 0.27294921875 0.06924198250728864 0.04736328125 0.130466472303207
3 0.3486328125 0.4205539358600583 0.06201171875 0.15379008746355685
2 0.771484375 0.29737609329446063 0.08740234375 0.20043731778425655
4 0.427734375 0.5393586005830904 0.0546875 0.10860058309037901
4 0.5888671875 0.34183673469387754 0.05419921875 0.11370262390670553
4 0.5419921875 0.6625364431486881 0.05859375 0.119533527696793