6 0.85205078125 0.7427113702623906 0.0751953125 0.1348396501457726
2 0.7392578125 0.6005830903790087 0.08203125 0.2033527696793003
5 0.6181640625 0.29373177842565595 0.06201171875 0.1661807580174927
4 0.6982421875 0.22740524781341107 0.046875 0.10422740524781342
4 0.7158203125 0.4045189504373178 0.05126953125 0.10422740524781342
4 0.6396484375 0.5029154518950437 0.05419921875 0.10495626822157435
4 0.53515625 0.29664723032069973 0.05078125 0.10204081632653061
3 0.4580078125 0.3848396501457726 0.05712890625 0.13411078717201166
7 0.455078125 0.5962099125364432 0.060546875 0.14212827988338192
11 0.3779296875 0.2820699708454811 0.06494140625 0.17346938775510204
8 0.28662109375 0.3564139941690962 0.07177734375 0.19314868804664723
9 0.37255859375 0.48177842565597667 0.06005859375 0.14212827988338192
10 0.455078125 0.29518950437317787 0.04638671875 0.10058309037900874
10 0.30712890625 0.2018950437317784 0.0458984375 0.10422740524781342
10 0.27734375 0.6013119533527697 0.05615234375 0.11224489795918367
10 0.30712890625 0.04846938775510204 0.046875 0.09693877551020408
12 0.23046875 0.048104956268221574 0.05712890625 0.09620991253644315
12 0.6572265625 0.7208454810495627 0.06787109375 0.1457725947521866