8 0.1669921875 0.30029154518950435 0.08056640625 0.21064139941690962
10 0.27587890625 0.17128279883381925 0.05859375 0.10714285714285714
10 0.2607421875 0.34183673469387754 0.0615234375 0.11661807580174927
12 0.4365234375 0.33309037900874633 0.060546875 0.1377551020408163
7 0.44384765625 0.43440233236151604 0.0654296875 0.14795918367346939
10 0.3564453125 0.5619533527696793 0.064453125 0.11880466472303207
11 0.7734375 0.31559766763848396 0.07568359375 0.1814868804664723
2 0.69384765625 0.30830903790087466 0.08154296875 0.2018950437317784
6 0.271484375 0.07142857142857142 0.060546875 0.12536443148688048
4 0.3466796875 0.4424198250728863 0.05517578125 0.11807580174927114
4 0.5419921875 0.6639941690962099 0.0634765625 0.11880466472303207
4 0.5888671875 0.34183673469387754 0.05224609375 0.11734693877551021