2 0.76904296875 0.2981049562682216 0.08203125 0.20918367346938777
1 0.5986328125 0.1552478134110787 0.05029296875 0.141399416909621
6 0.5712890625 0.07798833819241982 0.0625 0.130466472303207
6 0.52099609375 0.4358600583090379 0.07080078125 0.15670553935860057
4 0.68212890625 0.3396501457725947 0.05712890625 0.11588921282798834
4 0.7431640625 0.7762390670553936 0.060546875 0.12244897959183673
4 0.544921875 0.6669096209912536 0.0634765625 0.12463556851311954
4 0.60791015625 0.5342565597667639 0.05517578125 0.1260932944606414
4 0.416015625 0.1793002915451895 0.05078125 0.10568513119533528
4 0.4921875 0.1749271137026239 0.05517578125 0.10714285714285714
3 0.59716796875 0.33309037900874633 0.06640625 0.15160349854227406
3 0.443359375 0.7755102040816326 0.0712890625 0.16399416909620992
11 0.3466796875 0.14431486880466474 0.06591796875 0.18075801749271136
9 0.23583984375 0.7879008746355685 0.08642578125 0.16253644314868804
12 0.19775390625 0.08746355685131195 0.0634765625 0.12682215743440234
7 0.35595703125 0.4271137026239067 0.0673828125 0.15451895043731778
7 0.189453125 0.14941690962099125 0.0634765625 0.16034985422740525
8 0.15869140625 0.4074344023323615 0.0927734375 0.2055393586005831
10 0.41259765625 0.08309037900874636 0.05712890625 0.11005830903790087
10 0.27392578125 0.16472303206997085 0.05517578125 0.11370262390670553
10 0.25830078125 0.33454810495626824 0.048828125 0.1129737609329446
10 0.25927734375 0.43658892128279886 0.05908203125 0.11734693877551021
10 0.35595703125 0.5583090379008746 0.06494140625 0.1239067055393586