11 0.3447265625 0.14650145772594753 0.07080078125 0.1836734693877551
8 0.1630859375 0.4074344023323615 0.0849609375 0.2193877551020408
12 0.19775390625 0.08527696793002916 0.06201171875 0.13119533527696792
7 0.18603515625 0.14650145772594753 0.0634765625 0.15160349854227406
7 0.35302734375 0.4271137026239067 0.07177734375 0.15160349854227406
9 0.234375 0.7864431486880467 0.087890625 0.17711370262390672
10 0.4140625 0.08600583090379009 0.04833984375 0.1129737609329446
10 0.27294921875 0.16326530612244897 0.05810546875 0.12026239067055394
10 0.259765625 0.34110787172011664 0.05615234375 0.12099125364431487
10 0.2587890625 0.4358600583090379 0.06591796875 0.12244897959183673
10 0.3583984375 0.5626822157434402 0.0556640625 0.1239067055393586
2 0.77001953125 0.2981049562682216 0.08154296875 0.1989795918367347
1 0.595703125 0.15670553935860057 0.05029296875 0.14650145772594753
3 0.439453125 0.7733236151603499 0.0751953125 0.1683673469387755
3 0.43701171875 0.2456268221574344 0.07275390625 0.13338192419825073
6 0.568359375 0.08017492711370262 0.05908203125 0.1260932944606414
6 0.52294921875 0.4358600583090379 0.064453125 0.13556851311953352
4 0.7431640625 0.7806122448979592 0.060546875 0.1217201166180758
4 0.416015625 0.18002915451895043 0.05322265625 0.10495626822157435
4 0.4912109375 0.17201166180758018 0.0517578125 0.10422740524781342
4 0.68408203125 0.34110787172011664 0.04833984375 0.11005830903790087
4 0.607421875 0.5386297376093294 0.0556640625 0.1217201166180758
4 0.54150390625 0.6632653061224489 0.06103515625 0.11734693877551021