6 0.59033203125 0.06851311953352769 0.04931640625 0.11370262390670553
6 0.83935546875 0.7310495626822158 0.0732421875 0.14431486880466474
2 0.791015625 0.36661807580174927 0.07421875 0.19970845481049562
5 0.599609375 0.29591836734693877 0.064453125 0.18002915451895043
4 0.69921875 0.4030612244897959 0.052734375 0.11078717201166181
4 0.67724609375 0.22667638483965014 0.04638671875 0.10204081632653061
4 0.6630859375 0.14212827988338192 0.0439453125 0.09548104956268222
4 0.52001953125 0.06486880466472303 0.04638671875 0.10495626822157435
4 0.625 0.5058309037900874 0.0458984375 0.10787172011661808
4 0.5185546875 0.3032069970845481 0.04736328125 0.10204081632653061
3 0.5888671875 0.1326530612244898 0.04248046875 0.1282798833819242
3 0.4443359375 0.3943148688046647 0.068359375 0.13994169096209913
7 0.4423828125 0.6020408163265306 0.06640625 0.14285714285714285
8 0.17333984375 0.3629737609329446 0.078125 0.2018950437317784
11 0.3662109375 0.29518950437317787 0.064453125 0.17055393586005832
9 0.3662109375 0.19533527696793002 0.0546875 0.13411078717201166
9 0.16455078125 0.6005830903790087 0.08203125 0.15306122448979592
12 0.25390625 0.7412536443148688 0.07177734375 0.13702623906705538
12 0.20751953125 0.05539358600583091 0.0576171875 0.11078717201166181
10 0.26416015625 0.6129737609329446 0.05126953125 0.11151603498542274
10 0.28515625 0.060495626822157436 0.05078125 0.09912536443148688
10 0.28955078125 0.21720116618075802 0.05810546875 0.10568513119533528
10 0.43701171875 0.29737609329446063 0.0498046875 0.10860058309037901
10 0.44677734375 0.7376093294460642 0.06298828125 0.12244897959183673