1 0.70849609375 0.6071428571428571 0.0595703125 0.14723032069970846
6 0.58642578125 0.06559766763848396 0.05517578125 0.11151603498542274
6 0.83740234375 0.7274052478134111 0.06591796875 0.13338192419825073
2 0.78955078125 0.3651603498542274 0.07861328125 0.1967930029154519
5 0.59765625 0.2879008746355685 0.05810546875 0.16399416909620992
1 0.52734375 0.4956268221574344 0.05224609375 0.13556851311953352
4 0.67529296875 0.22740524781341107 0.0458984375 0.09693877551020408
4 0.6650390625 0.14504373177842567 0.03955078125 0.09402332361516035
4 0.697265625 0.40160349854227406 0.046875 0.10714285714285714
4 0.70751953125 0.5043731778425656 0.0498046875 0.10058309037900874
4 0.6435546875 0.7434402332361516 0.0517578125 0.11443148688046648
4 0.61572265625 0.6129737609329446 0.05078125 0.10204081632653061
4 0.5146484375 0.29956268221574345 0.044921875 0.09766763848396501
4 0.51904296875 0.06851311953352769 0.04150390625 0.10276967930029154
3 0.587890625 0.12900874635568513 0.05419921875 0.12900874635568513
3 0.439453125 0.39504373177842567 0.064453125 0.1326530612244898
11 0.18701171875 0.2762390670553936 0.06884765625 0.1749271137026239
8 0.17138671875 0.3622448979591837 0.07275390625 0.19387755102040816
12 0.25244140625 0.7354227405247813 0.0634765625 0.1377551020408163
12 0.2060546875 0.052478134110787174 0.05908203125 0.10495626822157435
7 0.362060546875 0.05575801749271137 0.04638671875 0.11151603498542274
7 0.15673828125 0.4846938775510204 0.0625 0.13629737609329445
9 0.3642578125 0.19752186588921283 0.0546875 0.1377551020408163
9 0.166015625 0.6027696793002916 0.06787109375 0.14285714285714285
10 0.435546875 0.3010204081632653 0.0419921875 0.10204081632653061
10 0.4287109375 0.1377551020408163 0.0478515625 0.10422740524781342
10 0.28369140625 0.05612244897959184 0.04638671875 0.10204081632653061
10 0.28173828125 0.22157434402332363 0.04736328125 0.09912536443148688
10 0.27294921875 0.40524781341107874 0.05517578125 0.09620991253644315
10 0.26416015625 0.5087463556851312 0.04638671875 0.10422740524781342
10 0.26416015625 0.6137026239067055 0.05419921875 0.11078717201166181
10 0.44873046875 0.7354227405247813 0.0546875 0.11370262390670553