5 0.52001953125 0.4205539358600583 0.0693359375 0.1749271137026239
2 0.7705078125 0.29737609329446063 0.080078125 0.20918367346938777
6 0.7880859375 0.43658892128279886 0.07080078125 0.13411078717201166
4 0.7421875 0.7842565597667639 0.06494140625 0.11880466472303207
4 0.68310546875 0.3432944606413994 0.05078125 0.10932944606413994
4 0.51318359375 0.260932944606414 0.0478515625 0.11734693877551021
4 0.54150390625 0.6647230320699709 0.05908203125 0.12317784256559766
4 0.60546875 0.5371720116618076 0.05810546875 0.1151603498542274
4 0.48974609375 0.1683673469387755 0.05078125 0.11151603498542274
6 0.56982421875 0.08381924198250729 0.05517578125 0.12317784256559766
1 0.59814453125 0.15743440233236153 0.052734375 0.14795918367346939
1 0.35107421875 0.5371720116618076 0.07861328125 0.1457725947521866
9 0.3515625 0.31997084548104954 0.06103515625 0.13338192419825073
9 0.23876953125 0.7900874635568513 0.0830078125 0.15160349854227406
12 0.19873046875 0.08746355685131195 0.0615234375 0.1282798833819242
11 0.34423828125 0.14941690962099125 0.06884765625 0.1727405247813411
8 0.16259765625 0.40597667638483964 0.0908203125 0.21209912536443148
7 0.185546875 0.15014577259475217 0.06201171875 0.14504373177842567
7 0.357421875 0.42857142857142855 0.06591796875 0.14504373177842567
10 0.4130859375 0.08673469387755102 0.04931640625 0.10349854227405247
10 0.41552734375 0.2434402332361516 0.05419921875 0.11151603498542274
10 0.27197265625 0.16472303206997085 0.05224609375 0.11005830903790087
10 0.26025390625 0.33527696793002915 0.0546875 0.11661807580174927
10 0.26025390625 0.43658892128279886 0.060546875 0.11151603498542274
10 0.2470703125 0.6618075801749271 0.064453125 0.119533527696793