12 0.19775390625 0.08892128279883382 0.05908203125 0.1239067055393586
8 0.166015625 0.3053935860058309 0.0849609375 0.2018950437317784
7 0.18505859375 0.14723032069970846 0.05810546875 0.14504373177842567
11 0.34619140625 0.14504373177842567 0.0693359375 0.18294460641399418
9 0.23486328125 0.7879008746355685 0.0849609375 0.15670553935860057
10 0.27197265625 0.16545189504373178 0.05126953125 0.11151603498542274
10 0.25830078125 0.336734693877551 0.05078125 0.10860058309037901
10 0.2587890625 0.43731778425655976 0.05615234375 0.1129737609329446
10 0.35595703125 0.5612244897959183 0.05908203125 0.11151603498542274
2 0.77099609375 0.2981049562682216 0.08642578125 0.20481049562682216
1 0.59765625 0.15816326530612246 0.05322265625 0.15087463556851313
6 0.5703125 0.07871720116618076 0.0546875 0.13338192419825073
6 0.5107421875 0.3425655976676385 0.060546875 0.13338192419825073
3 0.24560546875 0.641399416909621 0.0732421875 0.16399416909620992
3 0.3486328125 0.43658892128279886 0.064453125 0.15160349854227406
4 0.4208984375 0.18221574344023322 0.05078125 0.10714285714285714
4 0.68505859375 0.34183673469387754 0.046875 0.11224489795918367
4 0.52099609375 0.8053935860058309 0.0576171875 0.11807580174927114
4 0.54296875 0.6647230320699709 0.0556640625 0.11443148688046648
4 0.60693359375 0.5386297376093294 0.0546875 0.11807580174927114