5 0.60205078125 0.2893586005830904 0.076171875 0.17857142857142858
3 0.44482421875 0.3965014577259475 0.07177734375 0.141399416909621
7 0.44091796875 0.5983965014577259 0.0693359375 0.15087463556851313
11 0.36279296875 0.2893586005830904 0.0673828125 0.17565597667638483
9 0.16650390625 0.5940233236151603 0.0751953125 0.16326530612244897
8 0.267578125 0.3673469387755102 0.0791015625 0.1967930029154519
12 0.2060546875 0.05575801749271137 0.0625 0.11151603498542274
12 0.2548828125 0.7412536443148688 0.08251953125 0.13994169096209913
10 0.26025390625 0.6115160349854227 0.06298828125 0.10787172011661808
10 0.28662109375 0.21501457725947523 0.05712890625 0.10568513119533528
10 0.28515625 0.0575801749271137 0.05712890625 0.10349854227405247
10 0.43896484375 0.30247813411078717 0.04638671875 0.10131195335276968
10 0.44921875 0.7346938775510204 0.06396484375 0.11734693877551021
4 0.51953125 0.06559766763848396 0.05419921875 0.10204081632653061
4 0.67919921875 0.2303206997084548 0.0546875 0.10860058309037901
4 0.66259765625 0.14285714285714285 0.05126953125 0.10204081632653061
4 0.51806640625 0.30029154518950435 0.0556640625 0.10568513119533528
4 0.62255859375 0.5043731778425656 0.05908203125 0.11734693877551021
4 0.6982421875 0.4045189504373178 0.052734375 0.11370262390670553
2 0.791015625 0.36661807580174927 0.0810546875 0.2055393586005831
6 0.8388671875 0.7332361516034985 0.0830078125 0.14358600583090378