6 0.85400390625 0.7412536443148688 0.0771484375 0.1377551020408163
12 0.6552734375 0.7208454810495627 0.06591796875 0.1392128279883382
2 0.740234375 0.5962099125364432 0.08544921875 0.19533527696793002
5 0.6181640625 0.29081632653061223 0.06396484375 0.17346938775510204
4 0.71484375 0.4045189504373178 0.05517578125 0.11224489795918367
4 0.69677734375 0.22959183673469388 0.048828125 0.10932944606413994
4 0.64111328125 0.5029154518950437 0.04736328125 0.10932944606413994
3 0.45751953125 0.38556851311953355 0.06396484375 0.13556851311953352
4 0.53564453125 0.2944606413994169 0.0439453125 0.10058309037900874
9 0.5302734375 0.1282798833819242 0.0546875 0.1348396501457726
9 0.46240234375 0.7237609329446064 0.0673828125 0.15160349854227406
7 0.455078125 0.5940233236151603 0.0546875 0.141399416909621
11 0.38134765625 0.2820699708454811 0.05859375 0.17638483965014579
8 0.28759765625 0.3564139941690962 0.0673828125 0.20262390670553937
12 0.232421875 0.048833819241982504 0.046875 0.09766763848396501
10 0.45654296875 0.29518950437317787 0.04736328125 0.10131195335276968
10 0.306640625 0.04774052478134111 0.05078125 0.09548104956268222
10 0.30712890625 0.20408163265306123 0.04931640625 0.10568513119533528
10 0.27685546875 0.6005830903790087 0.060546875 0.11078717201166181