11 0.18798828125 0.2755102040816326 0.06640625 0.16982507288629736
8 0.17041015625 0.3629737609329446 0.0693359375 0.19096209912536444
9 0.365234375 0.1967930029154519 0.0576171875 0.13702623906705538
9 0.1650390625 0.5983965014577259 0.06640625 0.14212827988338192
12 0.25390625 0.7383381924198251 0.0615234375 0.1326530612244898
12 0.20751953125 0.05357142857142857 0.0546875 0.10714285714285714
7 0.158203125 0.48615160349854225 0.060546875 0.13848396501457727
7 0.36279296875 0.05211370262390671 0.0498046875 0.10422740524781342
10 0.4365234375 0.29737609329446063 0.0400390625 0.09329446064139942
10 0.42919921875 0.141399416909621 0.03759765625 0.09475218658892129
10 0.28564453125 0.05903790087463557 0.04150390625 0.09548104956268222
10 0.28125 0.22230320699708456 0.04296875 0.09766763848396501
10 0.27490234375 0.4096209912536443 0.05224609375 0.09693877551020408
10 0.2646484375 0.510932944606414 0.04638671875 0.10349854227405247
10 0.26416015625 0.6129737609329446 0.048828125 0.10860058309037901
10 0.44677734375 0.7325072886297376 0.052734375 0.10714285714285714
3 0.58984375 0.130466472303207 0.04345703125 0.13192419825072887
3 0.44091796875 0.39285714285714285 0.05908203125 0.13848396501457727
5 0.787109375 0.2879008746355685 0.0634765625 0.14650145772594753
2 0.7900390625 0.36661807580174927 0.07373046875 0.1836734693877551
6 0.58740234375 0.06268221574344024 0.04541015625 0.11370262390670553
6 0.8408203125 0.7354227405247813 0.07080078125 0.12973760932944606
1 0.751953125 0.2099125364431487 0.0419921875 0.1326530612244898
1 0.70947265625 0.6129737609329446 0.0576171875 0.13848396501457727
4 0.70703125 0.5087463556851312 0.05322265625 0.09548104956268222
4 0.6962890625 0.4037900874635568 0.0498046875 0.10422740524781342
4 0.61767578125 0.6173469387755102 0.05126953125 0.10204081632653061
4 0.64208984375 0.7412536443148688 0.05126953125 0.10495626822157435
4 0.67333984375 0.22886297376093295 0.04541015625 0.09475218658892129
4 0.66357421875 0.14723032069970846 0.0390625 0.09839650145772595
4 0.51953125 0.0663265306122449 0.03857421875 0.09548104956268222
4 0.5166015625 0.3010204081632653 0.041015625 0.10204081632653061