2 0.72265625 0.6355685131195336 0.07373046875 0.19606413994169097
6 0.8486328125 0.7784256559766763 0.06884765625 0.13556851311953352
12 0.64453125 0.7711370262390671 0.068359375 0.1348396501457726
4 0.67529296875 0.2543731778425656 0.04931640625 0.10058309037900874
4 0.62353515625 0.543002915451895 0.0517578125 0.10058309037900874
5 0.59326171875 0.3228862973760933 0.06396484375 0.17128279883381925
3 0.4365234375 0.43440233236151604 0.06201171875 0.13848396501457727
4 0.509765625 0.33746355685131196 0.0439453125 0.10058309037900874
11 0.35400390625 0.33163265306122447 0.06591796875 0.16909620991253643
8 0.259765625 0.4176384839650146 0.0673828125 0.19533527696793002
12 0.17431640625 0.25 0.0625 0.12536443148688048
10 0.4296875 0.3396501457725947 0.04541015625 0.09912536443148688
10 0.3544921875 0.1814868804664723 0.04931640625 0.10714285714285714
10 0.271484375 0.08892128279883382 0.044921875 0.10204081632653061
10 0.25439453125 0.6690962099125365 0.056640625 0.11734693877551021