2 0.76904296875 0.30029154518950435 0.0791015625 0.20262390670553937
1 0.59716796875 0.15597667638483964 0.05322265625 0.15087463556851313
1 0.35986328125 0.5400874635568513 0.06640625 0.14868804664723032
3 0.595703125 0.336734693877551 0.05810546875 0.14868804664723032
3 0.44287109375 0.7806122448979592 0.08056640625 0.1618075801749271
6 0.57177734375 0.08454810495626822 0.0537109375 0.12682215743440234
6 0.52099609375 0.43658892128279886 0.0654296875 0.13848396501457727
4 0.74072265625 0.782798833819242 0.06884765625 0.12900874635568513
4 0.6826171875 0.34110787172011664 0.05419921875 0.11005830903790087
4 0.48974609375 0.1749271137026239 0.04638671875 0.10787172011661808
4 0.41943359375 0.1814868804664723 0.0556640625 0.10932944606413994
4 0.60986328125 0.5393586005830904 0.0556640625 0.11588921282798834
4 0.5439453125 0.6647230320699709 0.0634765625 0.1239067055393586
8 0.1611328125 0.4074344023323615 0.08203125 0.20845481049562684
9 0.23486328125 0.7871720116618076 0.07568359375 0.16034985422740525
11 0.34423828125 0.14795918367346939 0.06201171875 0.17784256559766765
12 0.2001953125 0.08527696793002916 0.0595703125 0.12463556851311954
7 0.35498046875 0.42346938775510207 0.06298828125 0.14723032069970846
7 0.1865234375 0.15014577259475217 0.05712890625 0.14650145772594753
10 0.4111328125 0.08454810495626822 0.052734375 0.10422740524781342
10 0.2724609375 0.16909620991253643 0.05078125 0.10714285714285714
10 0.2568359375 0.336734693877551 0.0517578125 0.10860058309037901
10 0.25927734375 0.4380466472303207 0.0595703125 0.11151603498542274
10 0.2490234375 0.6654518950437318 0.06640625 0.119533527696793