5 0.78173828125 0.2944606413994169 0.0654296875 0.15743440233236153
2 0.79150390625 0.36661807580174927 0.07373046875 0.18075801749271136
1 0.75146484375 0.2099125364431487 0.0439453125 0.1260932944606414
1 0.80517578125 0.4934402332361516 0.06298828125 0.13192419825072887
3 0.74267578125 0.1326530612244898 0.05419921875 0.12244897959183673
3 0.826171875 0.6107871720116618 0.07421875 0.1260932944606414
6 0.74169921875 0.0663265306122449 0.04833984375 0.10932944606413994
6 0.84033203125 0.7346938775510204 0.0703125 0.12755102040816327
4 0.66015625 0.06341107871720117 0.0390625 0.09620991253644315
4 0.6650390625 0.14504373177842567 0.041015625 0.09402332361516035
4 0.6767578125 0.22667638483965014 0.0390625 0.09329446064139942
4 0.685546875 0.30903790087463556 0.04248046875 0.09766763848396501
4 0.69775390625 0.4008746355685131 0.04541015625 0.09766763848396501
4 0.7109375 0.5065597667638484 0.046875 0.09839650145772595
4 0.72314453125 0.6144314868804664 0.05322265625 0.10276967930029154
4 0.73779296875 0.7317784256559767 0.05078125 0.11224489795918367
11 0.1884765625 0.27988338192419826 0.060546875 0.1661807580174927
8 0.173828125 0.36443148688046645 0.0654296875 0.19096209912536444
7 0.19384765625 0.2018950437317784 0.04736328125 0.1326530612244898
7 0.16064453125 0.48615160349854225 0.0556640625 0.13119533527696792
9 0.2099609375 0.1260932944606414 0.0556640625 0.1260932944606414
9 0.1669921875 0.6020408163265306 0.06591796875 0.1392128279883382
12 0.21044921875 0.05174927113702624 0.044921875 0.10349854227405247
12 0.14306640625 0.7441690962099126 0.06689453125 0.13338192419825073
10 0.28662109375 0.05830903790087463 0.04150390625 0.09402332361516035
10 0.2841796875 0.13848396501457727 0.041015625 0.08965014577259475
10 0.28173828125 0.22376093294460642 0.0390625 0.09548104956268222
10 0.2763671875 0.30685131195335275 0.04345703125 0.09620991253644315
10 0.2783203125 0.4067055393586006 0.04443359375 0.09766763848396501
10 0.26611328125 0.5116618075801749 0.046875 0.10131195335276968
10 0.2646484375 0.6151603498542274 0.04931640625 0.10276967930029154
10 0.25390625 0.7368804664723032 0.056640625 0.10568513119533528