11 0.3447265625 0.14504373177842567 0.0673828125 0.1793002915451895
8 0.16552734375 0.3053935860058309 0.07763671875 0.20481049562682216
9 0.451171875 0.6465014577259475 0.0654296875 0.16399416909620992
6 0.26953125 0.07142857142857142 0.0615234375 0.1217201166180758
12 0.42578125 0.16034985422740525 0.0576171875 0.13338192419825073
7 0.4404296875 0.4322157434402332 0.05859375 0.15306122448979592
10 0.27490234375 0.16909620991253643 0.0478515625 0.11078717201166181
10 0.26025390625 0.3389212827988338 0.05615234375 0.11370262390670553
10 0.3505859375 0.3294460641399417 0.05419921875 0.11807580174927114
10 0.3564453125 0.5604956268221575 0.05810546875 0.12026239067055394
3 0.2421875 0.6450437317784257 0.07080078125 0.1618075801749271
1 0.50732421875 0.23396501457725946 0.0546875 0.14795918367346939
2 0.77197265625 0.30029154518950435 0.08544921875 0.20845481049562684
4 0.6845703125 0.34402332361516036 0.05322265625 0.10714285714285714
4 0.60791015625 0.5357142857142857 0.0517578125 0.12244897959183673
4 0.541015625 0.6639941690962099 0.06005859375 0.11880466472303207