2 0.76904296875 0.29373177842565595 0.08154296875 0.20262390670553937
6 0.56982421875 0.0794460641399417 0.0595703125 0.12973760932944606
1 0.50732421875 0.2303206997084548 0.0556640625 0.14941690962099125
4 0.41943359375 0.17638483965014579 0.04736328125 0.11588921282798834
4 0.68212890625 0.34110787172011664 0.05126953125 0.1129737609329446
4 0.6064453125 0.5400874635568513 0.05810546875 0.11734693877551021
4 0.53955078125 0.6639941690962099 0.05908203125 0.12244897959183673
3 0.43359375 0.6530612244897959 0.06640625 0.15306122448979592
3 0.23876953125 0.6377551020408163 0.0732421875 0.1552478134110787
11 0.34521484375 0.14723032069970846 0.05908203125 0.1749271137026239
12 0.19580078125 0.09110787172011661 0.06640625 0.1326530612244898
8 0.16796875 0.3053935860058309 0.0732421875 0.20262390670553937
9 0.234375 0.7871720116618076 0.07763671875 0.16034985422740525
7 0.439453125 0.4314868804664723 0.05908203125 0.14723032069970846
10 0.34619140625 0.32871720116618075 0.0546875 0.119533527696793
10 0.271484375 0.16690962099125364 0.04931640625 0.1129737609329446
10 0.259765625 0.336734693877551 0.0478515625 0.11443148688046648
10 0.3544921875 0.5597667638483965 0.056640625 0.12026239067055394