3 0.712890625 0.6129737609329446 0.0732421875 0.14285714285714285
6 0.8388671875 0.7303206997084548 0.076171875 0.1377551020408163
2 0.7880859375 0.3673469387755102 0.076171875 0.20116618075801748
5 0.59765625 0.29373177842565595 0.0634765625 0.1814868804664723
6 0.58740234375 0.06268221574344024 0.05078125 0.11661807580174927
9 0.5888671875 0.130466472303207 0.0537109375 0.13119533527696792
9 0.44091796875 0.39285714285714285 0.0615234375 0.13629737609329445
4 0.51953125 0.0663265306122449 0.04638671875 0.10349854227405247
4 0.67724609375 0.22813411078717202 0.048828125 0.09985422740524781
4 0.66259765625 0.14431486880466474 0.046875 0.09766763848396501
4 0.69873046875 0.40160349854227406 0.05078125 0.10787172011661808
4 0.7060546875 0.5036443148688047 0.0546875 0.10860058309037901
4 0.640625 0.7361516034985423 0.06494140625 0.11151603498542274
4 0.51806640625 0.29737609329446063 0.0478515625 0.10714285714285714
8 0.17236328125 0.36370262390670555 0.07568359375 0.1967930029154519
12 0.206787109375 0.05284256559766764 0.05517578125 0.10568513119533528
12 0.2529296875 0.7405247813411079 0.0693359375 0.1392128279883382
7 0.15673828125 0.4846938775510204 0.06689453125 0.13994169096209913
11 0.18701171875 0.2755102040816326 0.0673828125 0.17128279883381925
9 0.36376953125 0.19533527696793002 0.05908203125 0.13702623906705538
9 0.1630859375 0.6005830903790087 0.07080078125 0.1457725947521866
10 0.4365234375 0.30029154518950435 0.04541015625 0.10204081632653061
10 0.28466796875 0.056851311953352766 0.0478515625 0.09766763848396501
10 0.28125 0.22376093294460642 0.05029296875 0.10641399416909621
10 0.27294921875 0.41180758017492713 0.0517578125 0.10349854227405247
10 0.26416015625 0.5116618075801749 0.0546875 0.10204081632653061
10 0.26123046875 0.6129737609329446 0.05615234375 0.10714285714285714
10 0.44775390625 0.7317784256559767 0.056640625 0.1151603498542274