6 0.83642578125 0.7303206997084548 0.076171875 0.13629737609329445
2 0.802734375 0.4839650145772595 0.09130859375 0.20481049562682216
5 0.59716796875 0.29081632653061223 0.0634765625 0.17638483965014579
9 0.50439453125 0.13411078717201166 0.0654296875 0.13119533527696792
4 0.5205078125 0.0641399416909621 0.046875 0.09985422740524781
4 0.69482421875 0.4037900874635568 0.05322265625 0.11443148688046648
4 0.67333984375 0.2259475218658892 0.0556640625 0.10276967930029154
4 0.515625 0.30247813411078717 0.0478515625 0.10568513119533528
4 0.625 0.5014577259475219 0.0546875 0.1129737609329446
3 0.439453125 0.39285714285714285 0.06103515625 0.1377551020408163
9 0.15966796875 0.5983965014577259 0.07568359375 0.1457725947521866
11 0.3603515625 0.29008746355685133 0.06494140625 0.16909620991253643
8 0.2685546875 0.36661807580174927 0.07666015625 0.19606413994169097
10 0.26171875 0.6151603498542274 0.05810546875 0.11224489795918367
12 0.25341796875 0.7427113702623906 0.0693359375 0.1377551020408163
12 0.20458984375 0.05357142857142857 0.0615234375 0.10714285714285714
10 0.28125 0.05539358600583091 0.05322265625 0.10932944606413994
10 0.43603515625 0.3032069970845481 0.056640625 0.10495626822157435
10 0.2861328125 0.2193877551020408 0.046875 0.1129737609329446
7 0.43701171875 0.597667638483965 0.0673828125 0.14723032069970846
10 0.4462890625 0.7354227405247813 0.05908203125 0.11807580174927114