6 0.83935546875 0.7325072886297376 0.078125 0.13994169096209913
2 0.8095703125 0.48615160349854225 0.080078125 0.2033527696793003
4 0.521484375 0.0663265306122449 0.04541015625 0.10641399416909621
3 0.4404296875 0.3943148688046647 0.0673828125 0.13848396501457727
8 0.26708984375 0.3717201166180758 0.07568359375 0.2033527696793003
11 0.3603515625 0.29008746355685133 0.06640625 0.18731778425655976
5 0.59765625 0.2915451895043732 0.06689453125 0.17638483965014579
4 0.6630859375 0.14285714285714285 0.04833984375 0.10860058309037901
4 0.67333984375 0.2230320699708455 0.0498046875 0.10787172011661808
4 0.69775390625 0.4045189504373178 0.0517578125 0.10568513119533528
4 0.62353515625 0.5058309037900874 0.06005859375 0.11734693877551021
4 0.51513671875 0.29664723032069973 0.05322265625 0.11588921282798834
9 0.505859375 0.1326530612244898 0.06494140625 0.14868804664723032
9 0.1630859375 0.6005830903790087 0.07470703125 0.15160349854227406
12 0.255859375 0.7448979591836735 0.08447265625 0.1457725947521866
12 0.205078125 0.055029154518950435 0.060546875 0.11005830903790087
7 0.43798828125 0.5983965014577259 0.06640625 0.14795918367346939
10 0.43603515625 0.30029154518950435 0.0537109375 0.10058309037900874
10 0.28369140625 0.05466472303206997 0.05078125 0.09693877551020408
10 0.28369140625 0.21501457725947523 0.05126953125 0.1151603498542274
10 0.2607421875 0.6144314868804664 0.0625 0.11661807580174927
10 0.44921875 0.7368804664723032 0.05908203125 0.11370262390670553