2 0.765625 0.3010204081632653 0.08935546875 0.20626822157434402
3 0.6474609375 0.7704081632653061 0.08447265625 0.16399416909620992
6 0.6611328125 0.16399416909620992 0.06005859375 0.13848396501457727
4 0.7001953125 0.5422740524781341 0.05908203125 0.11588921282798834
4 0.51708984375 0.34839650145772594 0.052734375 0.1151603498542274
1 0.5341796875 0.5393586005830904 0.05908203125 0.15014577259475217
1 0.35009765625 0.15014577259475217 0.0693359375 0.1588921282798834
8 0.17626953125 0.3965014577259475 0.08984375 0.2099125364431487
10 0.3408203125 0.543731778425656 0.0576171875 0.12026239067055394
9 0.19384765625 0.14650145772594753 0.0703125 0.16472303206997085
7 0.5029296875 0.06924198250728864 0.06005859375 0.13848396501457727
7 0.14599609375 0.641399416909621 0.07275390625 0.15306122448979592