6 0.8505859375 0.7427113702623906 0.0703125 0.13629737609329445
2 0.73681640625 0.5947521865889213 0.0869140625 0.21282798833819241
5 0.61572265625 0.2886297376093295 0.068359375 0.17128279883381925
4 0.697265625 0.22448979591836735 0.0458984375 0.10641399416909621
4 0.64111328125 0.5029154518950437 0.05029296875 0.11443148688046648
4 0.53369140625 0.29664723032069973 0.0498046875 0.10787172011661808
3 0.4580078125 0.3892128279883382 0.0732421875 0.141399416909621
11 0.37890625 0.28425655976676384 0.06591796875 0.1836734693877551
8 0.28759765625 0.35422740524781343 0.07080078125 0.2055393586005831
10 0.453125 0.29518950437317787 0.0556640625 0.10932944606413994
10 0.38525390625 0.13556851311953352 0.05126953125 0.10641399416909621
10 0.3037109375 0.05029154518950437 0.04736328125 0.10058309037900874
10 0.275390625 0.6005830903790087 0.0634765625 0.12536443148688048
12 0.20849609375 0.19825072886297376 0.06298828125 0.1282798833819242
12 0.6572265625 0.7230320699708455 0.0732421875 0.15379008746355685