2 0.76904296875 0.29737609329446063 0.080078125 0.2018950437317784
1 0.5947265625 0.15743440233236153 0.05517578125 0.14285714285714285
6 0.5732421875 0.08454810495626822 0.05810546875 0.11734693877551021
6 0.51611328125 0.2434402332361516 0.0634765625 0.1217201166180758
3 0.43896484375 0.2478134110787172 0.05712890625 0.13192419825072887
4 0.42041015625 0.18075801749271136 0.0517578125 0.10495626822157435
4 0.685546875 0.3403790087463557 0.0498046875 0.10714285714285714
4 0.6064453125 0.5400874635568513 0.0517578125 0.11588921282798834
4 0.74072265625 0.782069970845481 0.060546875 0.11734693877551021
4 0.541015625 0.6647230320699709 0.060546875 0.1239067055393586
3 0.44287109375 0.7784256559766763 0.07275390625 0.16545189504373178
8 0.15966796875 0.4074344023323615 0.08447265625 0.2055393586005831
12 0.1962890625 0.08309037900874636 0.064453125 0.1326530612244898
9 0.236328125 0.7879008746355685 0.08154296875 0.1618075801749271
11 0.34228515625 0.14795918367346939 0.0673828125 0.1814868804664723
7 0.18408203125 0.14941690962099125 0.05810546875 0.14067055393586006
7 0.35498046875 0.4263848396501458 0.06005859375 0.14504373177842567
10 0.50390625 0.1588921282798834 0.05322265625 0.10932944606413994
10 0.27294921875 0.1661807580174927 0.056640625 0.11370262390670553
10 0.25732421875 0.33527696793002915 0.0517578125 0.10860058309037901
10 0.25537109375 0.4358600583090379 0.060546875 0.11224489795918367
10 0.3564453125 0.5597667638483965 0.0615234375 0.119533527696793