5 0.783203125 0.29518950437317787 0.07373046875 0.16399416909620992
2 0.78857421875 0.369533527696793 0.07373046875 0.18950437317784258
6 0.8388671875 0.7332361516034985 0.07421875 0.13192419825072887
6 0.7392578125 0.0663265306122449 0.0439453125 0.10860058309037901
1 0.75390625 0.21064139941690962 0.046875 0.1348396501457726
1 0.70947265625 0.6137026239067055 0.060546875 0.13556851311953352
4 0.65966796875 0.0597667638483965 0.0419921875 0.09620991253644315
4 0.6767578125 0.22886297376093295 0.0400390625 0.09839650145772595
4 0.6650390625 0.14504373177842567 0.03955078125 0.09475218658892129
4 0.71044921875 0.5058309037900874 0.05224609375 0.09475218658892129
4 0.69775390625 0.39941690962099125 0.04296875 0.10276967930029154
4 0.64404296875 0.7383381924198251 0.0478515625 0.10422740524781342
4 0.6181640625 0.6166180758017493 0.05078125 0.10860058309037901
4 0.51708984375 0.29956268221574345 0.0439453125 0.09912536443148688
3 0.58935546875 0.130466472303207 0.05078125 0.1260932944606414
3 0.44384765625 0.38848396501457727 0.05517578125 0.141399416909621
11 0.1884765625 0.2747813411078717 0.060546875 0.16763848396501457
8 0.1728515625 0.36005830903790087 0.06396484375 0.18658892128279883
7 0.1943359375 0.2018950437317784 0.04736328125 0.1326530612244898
7 0.16015625 0.489067055393586 0.0546875 0.13119533527696792
9 0.36376953125 0.20116618075801748 0.04833984375 0.14067055393586006
9 0.16552734375 0.6020408163265306 0.06689453125 0.13994169096209913
12 0.25439453125 0.7397959183673469 0.0595703125 0.1348396501457726
12 0.2080078125 0.052478134110787174 0.04296875 0.10495626822157435
10 0.28515625 0.056851311953352766 0.0361328125 0.09110787172011661
10 0.28564453125 0.13556851311953352 0.03857421875 0.08819241982507289
10 0.28173828125 0.2230320699708455 0.0380859375 0.09110787172011661
10 0.2763671875 0.30685131195335275 0.04345703125 0.09766763848396501
10 0.275390625 0.4074344023323615 0.04638671875 0.09693877551020408
10 0.2646484375 0.5087463556851312 0.04638671875 0.10058309037900874
10 0.26318359375 0.6122448979591837 0.048828125 0.10349854227405247
10 0.4482421875 0.7332361516034985 0.05078125 0.11224489795918367