5 0.7841796875 0.29591836734693877 0.0712890625 0.16253644314868804
2 0.79052734375 0.3680758017492711 0.07666015625 0.18658892128279883
6 0.8408203125 0.7303206997084548 0.07177734375 0.1348396501457726
6 0.7412109375 0.06559766763848396 0.05126953125 0.11078717201166181
1 0.7529296875 0.21064139941690962 0.046875 0.130466472303207
1 0.70849609375 0.6144314868804664 0.0595703125 0.1239067055393586
4 0.6982421875 0.39868804664723034 0.0439453125 0.09548104956268222
4 0.70947265625 0.5043731778425656 0.04833984375 0.10204081632653061
4 0.64208984375 0.7383381924198251 0.05078125 0.10058309037900874
4 0.61767578125 0.6137026239067055 0.05078125 0.10714285714285714
4 0.6767578125 0.22813411078717202 0.0419921875 0.09256559766763849
4 0.6650390625 0.1457725947521866 0.0390625 0.08892128279883382
4 0.65869140625 0.061224489795918366 0.0400390625 0.09839650145772595
3 0.5888671875 0.13119533527696792 0.04736328125 0.13119533527696792
3 0.62841796875 0.48177842565597667 0.06103515625 0.13848396501457727
4 0.5166015625 0.30174927113702626 0.04296875 0.10131195335276968
11 0.1884765625 0.2762390670553936 0.0595703125 0.16545189504373178
8 0.17333984375 0.36151603498542273 0.06591796875 0.19314868804664723
7 0.16162109375 0.4868804664723032 0.0546875 0.13411078717201166
7 0.193359375 0.20116618075801748 0.05078125 0.130466472303207
9 0.36669921875 0.1989795918367347 0.05859375 0.14795918367346939
9 0.16845703125 0.5969387755102041 0.0673828125 0.15160349854227406
10 0.451171875 0.7346938775510204 0.0517578125 0.10422740524781342
10 0.26123046875 0.6151603498542274 0.056640625 0.10276967930029154
10 0.26416015625 0.5167638483965015 0.05712890625 0.10714285714285714
10 0.27490234375 0.40889212827988336 0.0537109375 0.09839650145772595
10 0.27734375 0.30903790087463556 0.0576171875 0.09620991253644315
10 0.2802734375 0.22230320699708456 0.05078125 0.09183673469387756
10 0.28564453125 0.1392128279883382 0.05078125 0.08892128279883382
10 0.28564453125 0.05830903790087463 0.0380859375 0.09402332361516035
12 0.208984375 0.053206997084548104 0.048828125 0.10641399416909621
12 0.25439453125 0.7383381924198251 0.06103515625 0.1326530612244898